Photon    Coherent Incoher. Photoel. Nuclear  Electron Tot. w/  Tot. wo/ 
Energy    Scatter. Scatter. Absorb.  Pr. Prd. Pr. Prd. Coherent Coherent 

1.000E-03 1.119E+00 1.577E-02 2.627E+03 0.000E+00 0.000E+00 2.628E+03 2.627E+03 
1.000E-03 1.119E+00 1.577E-02 2.627E+03 0.000E+00 0.000E+00 2.628E+03 2.627E+03 
1.072E-03 1.103E+00 1.780E-02 2.171E+03 0.000E+00 0.000E+00 2.172E+03 2.171E+03 
1.072E-03 1.103E+00 1.780E-02 2.177E+03 0.000E+00 0.000E+00 2.178E+03 2.177E+03 
1.500E-03 1.010E+00 3.136E-02 8.612E+02 0.000E+00 0.000E+00 8.622E+02 8.612E+02 
2.000E-03 8.907E-01 4.821E-02 3.790E+02 0.000E+00 0.000E+00 3.800E+02 3.791E+02 
2.472E-03 7.824E-01 6.351E-02 2.045E+02 0.000E+00 0.000E+00 2.054E+02 2.046E+02 
2.472E-03 7.824E-01 6.351E-02 2.064E+02 0.000E+00 0.000E+00 2.072E+02 2.064E+02 
2.641E-03 7.462E-01 6.871E-02 1.699E+02 0.000E+00 0.000E+00 1.707E+02 1.700E+02 
2.822E-03 7.093E-01 7.404E-02 1.398E+02 0.000E+00 0.000E+00 1.406E+02 1.399E+02 
2.822E-03 7.093E-01 7.404E-02 1.412E+02 0.000E+00 0.000E+00 1.420E+02 1.413E+02 
3.000E-03 6.749E-01 7.904E-02 1.180E+02 0.000E+00 0.000E+00 1.188E+02 1.181E+02 
4.000E-03 5.145E-01 1.028E-01 4.992E+01 0.000E+00 0.000E+00 5.054E+01 5.002E+01 
5.000E-03 4.030E-01 1.200E-01 2.535E+01 0.000E+00 0.000E+00 2.587E+01 2.547E+01 
6.000E-03 3.256E-01 1.324E-01 1.448E+01 0.000E+00 0.000E+00 1.494E+01 1.461E+01 
7.000E-03 2.704E-01 1.416E-01 8.981E+00 0.000E+00 0.000E+00 9.393E+00 9.123E+00 
8.000E-03 2.297E-01 1.486E-01 5.921E+00 0.000E+00 0.000E+00 6.300E+00 6.070E+00 
9.000E-03 1.987E-01 1.543E-01 4.092E+00 0.000E+00 0.000E+00 4.445E+00 4.246E+00 
1.000E-02 1.743E-01 1.589E-01 2.935E+00 0.000E+00 0.000E+00 3.268E+00 3.094E+00 
1.100E-02 1.547E-01 1.628E-01 2.170E+00 0.000E+00 0.000E+00 2.488E+00 2.333E+00 
1.300E-02 1.248E-01 1.690E-01 1.275E+00 0.000E+00 0.000E+00 1.569E+00 1.444E+00 
1.500E-02 1.031E-01 1.737E-01 8.060E-01 0.000E+00 0.000E+00 1.083E+00 9.797E-01 
1.700E-02 8.662E-02 1.772E-01 5.387E-01 0.000E+00 0.000E+00 8.026E-01 7.159E-01 
1.900E-02 7.372E-02 1.800E-01 3.760E-01 0.000E+00 0.000E+00 6.297E-01 5.560E-01 
2.000E-02 6.829E-02 1.811E-01 3.185E-01 0.000E+00 0.000E+00 5.678E-01 4.995E-01 
2.100E-02 6.342E-02 1.820E-01 2.718E-01 0.000E+00 0.000E+00 5.172E-01 4.538E-01 
2.300E-02 5.508E-02 1.835E-01 2.022E-01 0.000E+00 0.000E+00 4.408E-01 3.857E-01 
2.500E-02 4.824E-02 1.845E-01 1.541E-01 0.000E+00 0.000E+00 3.868E-01 3.386E-01 
2.700E-02 4.257E-02 1.852E-01 1.198E-01 0.000E+00 0.000E+00 3.476E-01 3.050E-01 
2.900E-02 3.783E-02 1.856E-01 9.485E-02 0.000E+00 0.000E+00 3.183E-01 2.805E-01 
3.000E-02 3.574E-02 1.857E-01 8.488E-02 0.000E+00 0.000E+00 3.063E-01 2.706E-01 
3.100E-02 3.383E-02 1.858E-01 7.623E-02 0.000E+00 0.000E+00 2.958E-01 2.620E-01 
3.300E-02 3.042E-02 1.858E-01 6.209E-02 0.000E+00 0.000E+00 2.783E-01 2.479E-01 
3.500E-02 2.750E-02 1.856E-01 5.117E-02 0.000E+00 0.000E+00 2.643E-01 2.368E-01 
3.700E-02 2.498E-02 1.854E-01 4.262E-02 0.000E+00 0.000E+00 2.530E-01 2.280E-01 
3.900E-02 2.278E-02 1.850E-01 3.584E-02 0.000E+00 0.000E+00 2.436E-01 2.209E-01 
4.000E-02 2.179E-02 1.848E-01 3.297E-02 0.000E+00 0.000E+00 2.396E-01 2.178E-01 
4.100E-02 2.086E-02 1.846E-01 3.040E-02 0.000E+00 0.000E+00 2.358E-01 2.150E-01 
4.300E-02 1.918E-02 1.840E-01 2.598E-02 0.000E+00 0.000E+00 2.292E-01 2.100E-01 
4.500E-02 1.769E-02 1.835E-01 2.236E-02 0.000E+00 0.000E+00 2.235E-01 2.058E-01 
4.700E-02 1.636E-02 1.829E-01 1.937E-02 0.000E+00 0.000E+00 2.186E-01 2.022E-01 
4.900E-02 1.518E-02 1.822E-01 1.688E-02 0.000E+00 0.000E+00 2.143E-01 1.991E-01 
5.000E-02 1.464E-02 1.819E-01 1.579E-02 0.000E+00 0.000E+00 2.123E-01 1.977E-01 
5.100E-02 1.412E-02 1.815E-01 1.479E-02 0.000E+00 0.000E+00 2.104E-01 1.963E-01 
5.300E-02 1.317E-02 1.808E-01 1.302E-02 0.000E+00 0.000E+00 2.070E-01 1.939E-01 
5.500E-02 1.231E-02 1.801E-01 1.152E-02 0.000E+00 0.000E+00 2.039E-01 1.916E-01 
5.700E-02 1.153E-02 1.794E-01 1.024E-02 0.000E+00 0.000E+00 2.011E-01 1.896E-01 
5.900E-02 1.082E-02 1.786E-01 9.131E-03 0.000E+00 0.000E+00 1.986E-01 1.878E-01 
6.000E-02 1.049E-02 1.782E-01 8.637E-03 0.000E+00 0.000E+00 1.974E-01 1.869E-01 
6.100E-02 1.018E-02 1.779E-01 8.177E-03 0.000E+00 0.000E+00 1.962E-01 1.860E-01 
6.300E-02 9.589E-03 1.771E-01 7.349E-03 0.000E+00 0.000E+00 1.940E-01 1.845E-01 
6.500E-02 9.049E-03 1.763E-01 6.627E-03 0.000E+00 0.000E+00 1.920E-01 1.830E-01 
6.700E-02 8.553E-03 1.756E-01 5.994E-03 0.000E+00 0.000E+00 1.901E-01 1.816E-01 
6.900E-02 8.096E-03 1.748E-01 5.438E-03 0.000E+00 0.000E+00 1.883E-01 1.802E-01 
7.100E-02 7.675E-03 1.740E-01 4.947E-03 0.000E+00 0.000E+00 1.866E-01 1.790E-01 
7.300E-02 7.285E-03 1.732E-01 4.512E-03 0.000E+00 0.000E+00 1.850E-01 1.778E-01 
7.500E-02 6.924E-03 1.725E-01 4.126E-03 0.000E+00 0.000E+00 1.835E-01 1.766E-01 
7.700E-02 6.589E-03 1.717E-01 3.782E-03 0.000E+00 0.000E+00 1.821E-01 1.755E-01 
7.900E-02 6.278E-03 1.710E-01 3.474E-03 0.000E+00 0.000E+00 1.807E-01 1.744E-01 
8.000E-02 6.130E-03 1.706E-01 3.332E-03 0.000E+00 0.000E+00 1.800E-01 1.739E-01 
8.100E-02 5.987E-03 1.702E-01 3.198E-03 0.000E+00 0.000E+00 1.794E-01 1.734E-01 
8.300E-02 5.717E-03 1.694E-01 2.950E-03 0.000E+00 0.000E+00 1.781E-01 1.724E-01 
8.500E-02 5.464E-03 1.687E-01 2.726E-03 0.000E+00 0.000E+00 1.769E-01 1.714E-01 
8.700E-02 5.227E-03 1.679E-01 2.525E-03 0.000E+00 0.000E+00 1.757E-01 1.705E-01 
8.900E-02 5.005E-03 1.672E-01 2.342E-03 0.000E+00 0.000E+00 1.745E-01 1.695E-01 
9.100E-02 4.797E-03 1.665E-01 2.176E-03 0.000E+00 0.000E+00 1.734E-01 1.686E-01 
9.300E-02 4.601E-03 1.657E-01 2.025E-03 0.000E+00 0.000E+00 1.724E-01 1.678E-01 
9.500E-02 4.417E-03 1.650E-01 1.887E-03 0.000E+00 0.000E+00 1.713E-01 1.669E-01 
9.700E-02 4.244E-03 1.643E-01 1.762E-03 0.000E+00 0.000E+00 1.703E-01 1.661E-01 
9.900E-02 4.081E-03 1.636E-01 1.647E-03 0.000E+00 0.000E+00 1.693E-01 1.652E-01 
1.000E-01 4.003E-03 1.632E-01 1.593E-03 0.000E+00 0.000E+00 1.688E-01 1.648E-01 
1.010E-01 3.927E-03 1.629E-01 1.542E-03 0.000E+00 0.000E+00 1.684E-01 1.644E-01 
1.030E-01 3.781E-03 1.622E-01 1.445E-03 0.000E+00 0.000E+00 1.674E-01 1.636E-01 
1.050E-01 3.644E-03 1.615E-01 1.356E-03 0.000E+00 0.000E+00 1.665E-01 1.629E-01 
1.070E-01 3.513E-03 1.608E-01 1.275E-03 0.000E+00 0.000E+00 1.656E-01 1.621E-01 
1.090E-01 3.390E-03 1.602E-01 1.199E-03 0.000E+00 0.000E+00 1.647E-01 1.614E-01 
1.110E-01 3.273E-03 1.595E-01 1.130E-03 0.000E+00 0.000E+00 1.639E-01 1.606E-01 
1.130E-01 3.161E-03 1.588E-01 1.065E-03 0.000E+00 0.000E+00 1.630E-01 1.599E-01 
1.150E-01 3.056E-03 1.582E-01 1.005E-03 0.000E+00 0.000E+00 1.622E-01 1.592E-01 
1.170E-01 2.955E-03 1.575E-01 9.499E-04 0.000E+00 0.000E+00 1.614E-01 1.585E-01 
1.190E-01 2.859E-03 1.569E-01 8.984E-04 0.000E+00 0.000E+00 1.606E-01 1.578E-01 
1.210E-01 2.768E-03 1.562E-01 8.506E-04 0.000E+00 0.000E+00 1.599E-01 1.571E-01 
1.230E-01 2.681E-03 1.556E-01 8.060E-04 0.000E+00 0.000E+00 1.591E-01 1.564E-01 
1.250E-01 2.599E-03 1.550E-01 7.644E-04 0.000E+00 0.000E+00 1.584E-01 1.558E-01 
1.270E-01 2.519E-03 1.544E-01 7.257E-04 0.000E+00 0.000E+00 1.576E-01 1.551E-01 
1.290E-01 2.444E-03 1.538E-01 6.894E-04 0.000E+00 0.000E+00 1.569E-01 1.545E-01 
1.310E-01 2.372E-03 1.532E-01 6.555E-04 0.000E+00 0.000E+00 1.562E-01 1.538E-01 
1.330E-01 2.303E-03 1.526E-01 6.238E-04 0.000E+00 0.000E+00 1.555E-01 1.532E-01 
1.350E-01 2.236E-03 1.520E-01 5.941E-04 0.000E+00 0.000E+00 1.548E-01 1.526E-01 
1.370E-01 2.173E-03 1.514E-01 5.662E-04 0.000E+00 0.000E+00 1.541E-01 1.520E-01 
1.390E-01 2.112E-03 1.508E-01 5.400E-04 0.000E+00 0.000E+00 1.535E-01 1.513E-01 
1.410E-01 2.054E-03 1.502E-01 5.154E-04 0.000E+00 0.000E+00 1.528E-01 1.508E-01 
1.430E-01 1.998E-03 1.497E-01 4.922E-04 0.000E+00 0.000E+00 1.522E-01 1.502E-01 
1.450E-01 1.945E-03 1.491E-01 4.704E-04 0.000E+00 0.000E+00 1.515E-01 1.496E-01 
1.470E-01 1.893E-03 1.485E-01 4.498E-04 0.000E+00 0.000E+00 1.509E-01 1.490E-01 
1.490E-01 1.844E-03 1.480E-01 4.304E-04 0.000E+00 0.000E+00 1.503E-01 1.484E-01 
1.500E-01 1.820E-03 1.477E-01 4.212E-04 0.000E+00 0.000E+00 1.500E-01 1.481E-01 
1.510E-01 1.796E-03 1.475E-01 4.122E-04 0.000E+00 0.000E+00 1.497E-01 1.479E-01 
1.530E-01 1.750E-03 1.469E-01 3.949E-04 0.000E+00 0.000E+00 1.491E-01 1.473E-01 
1.550E-01 1.706E-03 1.464E-01 3.785E-04 0.000E+00 0.000E+00 1.485E-01 1.468E-01 
1.570E-01 1.664E-03 1.459E-01 3.631E-04 0.000E+00 0.000E+00 1.479E-01 1.462E-01 
1.590E-01 1.623E-03 1.453E-01 3.484E-04 0.000E+00 0.000E+00 1.473E-01 1.457E-01 
1.610E-01 1.583E-03 1.448E-01 3.346E-04 0.000E+00 0.000E+00 1.467E-01 1.451E-01 
1.630E-01 1.545E-03 1.443E-01 3.214E-04 0.000E+00 0.000E+00 1.462E-01 1.446E-01 
1.650E-01 1.509E-03 1.438E-01 3.090E-04 0.000E+00 0.000E+00 1.456E-01 1.441E-01 
1.670E-01 1.473E-03 1.433E-01 2.972E-04 0.000E+00 0.000E+00 1.451E-01 1.436E-01 
1.690E-01 1.439E-03 1.428E-01 2.859E-04 0.000E+00 0.000E+00 1.445E-01 1.431E-01 
1.710E-01 1.406E-03 1.423E-01 2.752E-04 0.000E+00 0.000E+00 1.440E-01 1.426E-01 
1.730E-01 1.374E-03 1.418E-01 2.651E-04 0.000E+00 0.000E+00 1.434E-01 1.421E-01 
1.750E-01 1.344E-03 1.413E-01 2.554E-04 0.000E+00 0.000E+00 1.429E-01 1.416E-01 
1.770E-01 1.314E-03 1.408E-01 2.462E-04 0.000E+00 0.000E+00 1.424E-01 1.411E-01 
1.790E-01 1.285E-03 1.404E-01 2.375E-04 0.000E+00 0.000E+00 1.419E-01 1.406E-01 
1.810E-01 1.257E-03 1.399E-01 2.291E-04 0.000E+00 0.000E+00 1.414E-01 1.401E-01 
1.830E-01 1.230E-03 1.394E-01 2.211E-04 0.000E+00 0.000E+00 1.409E-01 1.396E-01 
1.850E-01 1.204E-03 1.390E-01 2.135E-04 0.000E+00 0.000E+00 1.404E-01 1.392E-01 
1.870E-01 1.179E-03 1.385E-01 2.063E-04 0.000E+00 0.000E+00 1.399E-01 1.387E-01 
1.890E-01 1.154E-03 1.381E-01 1.994E-04 0.000E+00 0.000E+00 1.394E-01 1.383E-01 
1.910E-01 1.130E-03 1.376E-01 1.927E-04 0.000E+00 0.000E+00 1.389E-01 1.378E-01 
1.930E-01 1.107E-03 1.372E-01 1.864E-04 0.000E+00 0.000E+00 1.385E-01 1.373E-01 
1.950E-01 1.085E-03 1.367E-01 1.803E-04 0.000E+00 0.000E+00 1.380E-01 1.369E-01 
1.970E-01 1.063E-03 1.363E-01 1.746E-04 0.000E+00 0.000E+00 1.375E-01 1.365E-01 
1.990E-01 1.042E-03 1.359E-01 1.690E-04 0.000E+00 0.000E+00 1.371E-01 1.360E-01 
2.000E-01 1.032E-03 1.356E-01 1.663E-04 0.000E+00 0.000E+00 1.368E-01 1.358E-01 
3.000E-01 4.617E-04 1.182E-01 4.693E-05 0.000E+00 0.000E+00 1.187E-01 1.182E-01 
4.000E-01 2.603E-04 1.059E-01 2.008E-05 0.000E+00 0.000E+00 1.062E-01 1.060E-01 
5.000E-01 1.668E-04 9.678E-02 1.082E-05 0.000E+00 0.000E+00 9.696E-02 9.679E-02 
6.000E-01 1.159E-04 8.953E-02 6.740E-06 0.000E+00 0.000E+00 8.965E-02 8.954E-02 
8.000E-01 6.522E-05 7.866E-02 3.401E-06 0.000E+00 0.000E+00 7.873E-02 7.867E-02 
1.000E+00 4.175E-05 7.074E-02 2.115E-06 0.000E+00 0.000E+00 7.079E-02 7.074E-02 
1.022E+00 3.998E-05 7.001E-02 1.965E-06 0.000E+00 0.000E+00 7.005E-02 7.001E-02 
1.250E+00 2.673E-05 6.326E-02 1.334E-06 1.476E-05 0.000E+00 6.330E-02 6.327E-02 
1.500E+00 1.856E-05 5.750E-02 9.678E-07 8.185E-05 0.000E+00 5.760E-02 5.759E-02 
2.000E+00 1.044E-05 4.907E-02 6.091E-07 3.261E-04 0.000E+00 4.940E-02 4.939E-02 
2.044E+00 9.996E-06 4.846E-02 5.892E-07 3.515E-04 0.000E+00 4.882E-02 4.881E-02 
3.000E+00 4.641E-06 3.860E-02 3.405E-07 9.332E-04 1.351E-05 3.955E-02 3.955E-02 
4.000E+00 2.611E-06 3.220E-02 2.338E-07 1.515E-03 5.514E-05 3.377E-02 3.377E-02 
5.000E+00 1.671E-06 2.781E-02 1.773E-07 2.032E-03 1.099E-04 2.995E-02 2.995E-02 
6.000E+00 1.160E-06 2.458E-02 1.426E-07 2.498E-03 1.687E-04 2.725E-02 2.724E-02 
7.000E+00 8.524E-07 2.209E-02 1.191E-07 2.913E-03 2.275E-04 2.523E-02 2.523E-02 
8.000E+00 6.528E-07 2.010E-02 1.022E-07 3.287E-03 2.846E-04 2.368E-02 2.368E-02 
9.000E+00 5.158E-07 1.848E-02 8.952E-08 3.627E-03 3.393E-04 2.245E-02 2.245E-02 
1.000E+01 4.177E-07 1.712E-02 7.961E-08 3.935E-03 3.915E-04 2.145E-02 2.145E-02 
1.100E+01 3.452E-07 1.597E-02 7.165E-08 4.216E-03 4.410E-04 2.063E-02 2.063E-02 
1.200E+01 2.901E-07 1.498E-02 6.513E-08 4.473E-03 4.879E-04 1.994E-02 1.994E-02 
1.300E+01 2.472E-07 1.411E-02 5.970E-08 4.714E-03 5.321E-04 1.935E-02 1.935E-02 
1.400E+01 2.131E-07 1.335E-02 5.509E-08 4.937E-03 5.745E-04 1.886E-02 1.886E-02 
1.500E+01 1.857E-07 1.267E-02 5.115E-08 5.144E-03 6.145E-04 1.843E-02 1.843E-02 
1.600E+01 1.632E-07 1.207E-02 4.774E-08 5.343E-03 6.527E-04 1.806E-02 1.806E-02 
1.800E+01 1.289E-07 1.103E-02 4.211E-08 5.701E-03 7.240E-04 1.745E-02 1.745E-02 
2.000E+01 1.044E-07 1.017E-02 3.766E-08 6.023E-03 7.892E-04 1.698E-02 1.698E-02 
2.200E+01 8.632E-08 9.449E-03 3.407E-08 6.319E-03 8.494E-04 1.662E-02 1.662E-02 
2.400E+01 7.252E-08 8.830E-03 3.109E-08 6.585E-03 9.051E-04 1.632E-02 1.632E-02 
2.600E+01 6.180E-08 8.289E-03 2.860E-08 6.830E-03 9.566E-04 1.608E-02 1.608E-02 
2.800E+01 5.328E-08 7.820E-03 2.647E-08 7.056E-03 1.005E-03 1.588E-02 1.588E-02 
3.000E+01 4.642E-08 7.403E-03 2.464E-08 7.265E-03 1.050E-03 1.572E-02 1.572E-02 
4.000E+01 2.611E-08 5.884E-03 1.831E-08 8.123E-03 1.241E-03 1.525E-02 1.525E-02 
5.000E+01 1.671E-08 4.912E-03 1.456E-08 8.771E-03 1.389E-03 1.507E-02 1.507E-02 
6.000E+01 1.160E-08 4.231E-03 1.209E-08 9.288E-03 1.510E-03 1.503E-02 1.503E-02 
8.000E+01 6.528E-09 3.338E-03 9.025E-09 1.007E-02 1.699E-03 1.511E-02 1.511E-02 
1.000E+02 4.177E-09 2.770E-03 7.198E-09 1.064E-02 1.842E-03 1.526E-02 1.526E-02 
1.500E+02 1.856E-09 1.973E-03 4.780E-09 1.161E-02 2.092E-03 1.567E-02 1.567E-02 
2.000E+02 1.044E-09 1.547E-03 3.579E-09 1.221E-02 2.258E-03 1.601E-02 1.601E-02 
3.000E+02 4.641E-10 1.096E-03 2.381E-09 1.293E-02 2.472E-03 1.650E-02 1.650E-02 
4.000E+02 2.611E-10 8.585E-04 1.784E-09 1.336E-02 2.607E-03 1.683E-02 1.683E-02 
5.000E+02 1.670E-10 7.107E-04 1.426E-09 1.365E-02 2.702E-03 1.706E-02 1.706E-02 
6.000E+02 1.160E-10 6.086E-04 1.188E-09 1.386E-02 2.773E-03 1.724E-02 1.724E-02 
8.000E+02 6.528E-11 4.753E-04 8.907E-10 1.414E-02 2.873E-03 1.749E-02 1.749E-02 
1.000E+03 4.177E-11 3.910E-04 7.124E-10 1.433E-02 2.940E-03 1.766E-02 1.766E-02 
1.500E+03 1.856E-11 2.731E-04 4.747E-10 1.460E-02 3.042E-03 1.791E-02 1.791E-02 
2.000E+03 1.044E-11 2.114E-04 3.560E-10 1.475E-02 3.100E-03 1.806E-02 1.806E-02 
3.000E+03 4.641E-12 1.469E-04 2.373E-10 1.491E-02 3.165E-03 1.822E-02 1.822E-02 
4.000E+03 2.611E-12 1.134E-04 1.779E-10 1.499E-02 3.202E-03 1.831E-02 1.831E-02 
5.000E+03 1.670E-12 9.276E-05 1.423E-10 1.505E-02 3.226E-03 1.837E-02 1.837E-02 
6.000E+03 1.160E-12 7.866E-05 1.186E-10 1.509E-02 3.243E-03 1.841E-02 1.841E-02 
8.000E+03 6.528E-13 6.058E-05 8.895E-11 1.514E-02 3.265E-03 1.847E-02 1.847E-02 
1.000E+04 4.177E-13 4.947E-05 7.116E-11 1.517E-02 3.279E-03 1.850E-02 1.850E-02 
1.500E+04 1.856E-13 3.419E-05 4.744E-11 1.522E-02 3.298E-03 1.855E-02 1.855E-02 
2.000E+04 1.044E-13 2.628E-05 3.558E-11 1.524E-02 3.309E-03 1.858E-02 1.858E-02 
3.000E+04 4.641E-14 1.813E-05 2.372E-11 1.527E-02 3.320E-03 1.860E-02 1.860E-02 
4.000E+04 2.611E-14 1.392E-05 1.779E-11 1.528E-02 3.327E-03 1.862E-02 1.862E-02 
5.000E+04 1.670E-14 1.133E-05 1.423E-11 1.529E-02 3.331E-03 1.863E-02 1.863E-02 
6.000E+04 1.160E-14 9.579E-06 1.186E-11 1.529E-02 3.334E-03 1.864E-02 1.864E-02 
8.000E+04 6.528E-15 7.347E-06 8.895E-12 1.530E-02 3.337E-03 1.864E-02 1.864E-02 
1.000E+05 4.177E-15 5.974E-06 7.116E-12 1.531E-02 3.339E-03 1.865E-02 1.865E-02 