Photon    Coherent Incoher. Photoel. Nuclear  Electron Tot. w/  Tot. wo/ 
Energy    Scatter. Scatter. Absorb.  Pr. Prd. Pr. Prd. Coherent Coherent 

1.000E-03 1.981E+00 1.242E-02 3.778E+03 0.000E+00 0.000E+00 3.780E+03 3.778E+03 
1.000E-03 1.981E+00 1.242E-02 3.778E+03 0.000E+00 0.000E+00 3.780E+03 3.778E+03 
1.072E-03 1.955E+00 1.388E-02 3.142E+03 0.000E+00 0.000E+00 3.144E+03 3.142E+03 
1.072E-03 1.955E+00 1.388E-02 3.148E+03 0.000E+00 0.000E+00 3.150E+03 3.148E+03 
1.183E-03 1.916E+00 1.624E-02 2.426E+03 0.000E+00 0.000E+00 2.428E+03 2.426E+03 
1.305E-03 1.875E+00 1.895E-02 1.867E+03 0.000E+00 0.000E+00 1.869E+03 1.867E+03 
1.305E-03 1.875E+00 1.895E-02 1.877E+03 0.000E+00 0.000E+00 1.879E+03 1.877E+03 
1.500E-03 1.809E+00 2.344E-02 1.293E+03 0.000E+00 0.000E+00 1.294E+03 1.293E+03 
2.000E-03 1.633E+00 3.514E-02 5.852E+02 0.000E+00 0.000E+00 5.869E+02 5.852E+02 
2.145E-03 1.583E+00 3.854E-02 4.806E+02 0.000E+00 0.000E+00 4.822E+02 4.806E+02 
2.145E-03 1.583E+00 3.854E-02 7.096E+02 0.000E+00 0.000E+00 7.113E+02 7.097E+02 
2.303E-03 1.530E+00 4.218E-02 5.890E+02 0.000E+00 0.000E+00 5.905E+02 5.890E+02 
2.472E-03 1.474E+00 4.603E-02 4.885E+02 0.000E+00 0.000E+00 4.900E+02 4.885E+02 
2.472E-03 1.474E+00 4.603E-02 4.941E+02 0.000E+00 0.000E+00 4.956E+02 4.941E+02 
3.000E-03 1.314E+00 5.747E-02 2.944E+02 0.000E+00 0.000E+00 2.958E+02 2.944E+02 
4.000E-03 1.061E+00 7.611E-02 1.320E+02 0.000E+00 0.000E+00 1.331E+02 1.320E+02 
4.038E-03 1.052E+00 7.674E-02 1.285E+02 0.000E+00 0.000E+00 1.296E+02 1.286E+02 
4.038E-03 1.052E+00 7.674E-02 3.320E+02 0.000E+00 0.000E+00 3.332E+02 3.321E+02 
5.000E-03 8.691E-01 9.080E-02 1.907E+02 0.000E+00 0.000E+00 1.917E+02 1.908E+02 
6.000E-03 7.266E-01 1.022E-01 1.163E+02 0.000E+00 0.000E+00 1.171E+02 1.164E+02 
7.000E-03 6.192E-01 1.112E-01 7.616E+01 0.000E+00 0.000E+00 7.689E+01 7.627E+01 
8.000E-03 5.366E-01 1.184E-01 5.258E+01 0.000E+00 0.000E+00 5.323E+01 5.269E+01 
9.000E-03 4.714E-01 1.244E-01 3.774E+01 0.000E+00 0.000E+00 3.834E+01 3.787E+01 
1.000E-02 4.185E-01 1.293E-01 2.797E+01 0.000E+00 0.000E+00 2.852E+01 2.810E+01 
1.100E-02 3.746E-01 1.336E-01 2.128E+01 0.000E+00 0.000E+00 2.179E+01 2.141E+01 
1.300E-02 3.059E-01 1.405E-01 1.312E+01 0.000E+00 0.000E+00 1.357E+01 1.326E+01 
1.500E-02 2.544E-01 1.459E-01 8.632E+00 0.000E+00 0.000E+00 9.032E+00 8.778E+00 
1.700E-02 2.145E-01 1.502E-01 5.965E+00 0.000E+00 0.000E+00 6.330E+00 6.116E+00 
1.900E-02 1.830E-01 1.536E-01 4.285E+00 0.000E+00 0.000E+00 4.622E+00 4.439E+00 
2.000E-02 1.698E-01 1.551E-01 3.676E+00 0.000E+00 0.000E+00 4.001E+00 3.831E+00 
2.100E-02 1.580E-01 1.564E-01 3.176E+00 0.000E+00 0.000E+00 3.490E+00 3.332E+00 
2.300E-02 1.377E-01 1.585E-01 2.415E+00 0.000E+00 0.000E+00 2.711E+00 2.574E+00 
2.500E-02 1.211E-01 1.602E-01 1.877E+00 0.000E+00 0.000E+00 2.158E+00 2.037E+00 
2.700E-02 1.073E-01 1.615E-01 1.486E+00 0.000E+00 0.000E+00 1.754E+00 1.647E+00 
2.900E-02 9.584E-02 1.625E-01 1.195E+00 0.000E+00 0.000E+00 1.453E+00 1.357E+00 
3.000E-02 9.079E-02 1.629E-01 1.077E+00 0.000E+00 0.000E+00 1.331E+00 1.240E+00 
3.100E-02 8.613E-02 1.632E-01 9.744E-01 0.000E+00 0.000E+00 1.224E+00 1.138E+00 
3.300E-02 7.786E-02 1.637E-01 8.044E-01 0.000E+00 0.000E+00 1.046E+00 9.682E-01 
3.500E-02 7.074E-02 1.641E-01 6.713E-01 0.000E+00 0.000E+00 9.061E-01 8.354E-01 
3.700E-02 6.458E-02 1.643E-01 5.656E-01 0.000E+00 0.000E+00 7.945E-01 7.299E-01 
3.900E-02 5.920E-02 1.643E-01 4.807E-01 0.000E+00 0.000E+00 7.042E-01 6.450E-01 
4.000E-02 5.676E-02 1.643E-01 4.445E-01 0.000E+00 0.000E+00 6.656E-01 6.088E-01 
4.100E-02 5.448E-02 1.643E-01 4.118E-01 0.000E+00 0.000E+00 6.305E-01 5.760E-01 
4.300E-02 5.030E-02 1.642E-01 3.552E-01 0.000E+00 0.000E+00 5.697E-01 5.193E-01 
4.500E-02 4.660E-02 1.639E-01 3.084E-01 0.000E+00 0.000E+00 5.189E-01 4.723E-01 
4.700E-02 4.329E-02 1.637E-01 2.693E-01 0.000E+00 0.000E+00 4.763E-01 4.330E-01 
4.900E-02 4.032E-02 1.634E-01 2.365E-01 0.000E+00 0.000E+00 4.402E-01 3.999E-01 
5.000E-02 3.895E-02 1.632E-01 2.221E-01 0.000E+00 0.000E+00 4.242E-01 3.853E-01 
5.100E-02 3.765E-02 1.630E-01 2.088E-01 0.000E+00 0.000E+00 4.094E-01 3.718E-01 
5.300E-02 3.524E-02 1.626E-01 1.851E-01 0.000E+00 0.000E+00 3.829E-01 3.477E-01 
5.500E-02 3.305E-02 1.621E-01 1.649E-01 0.000E+00 0.000E+00 3.601E-01 3.270E-01 
5.700E-02 3.105E-02 1.617E-01 1.474E-01 0.000E+00 0.000E+00 3.402E-01 3.091E-01 
5.900E-02 2.923E-02 1.612E-01 1.323E-01 0.000E+00 0.000E+00 3.227E-01 2.935E-01 
6.000E-02 2.838E-02 1.609E-01 1.255E-01 0.000E+00 0.000E+00 3.148E-01 2.864E-01 
6.100E-02 2.757E-02 1.607E-01 1.192E-01 0.000E+00 0.000E+00 3.074E-01 2.798E-01 
6.300E-02 2.604E-02 1.601E-01 1.077E-01 0.000E+00 0.000E+00 2.939E-01 2.678E-01 
6.500E-02 2.463E-02 1.596E-01 9.760E-02 0.000E+00 0.000E+00 2.818E-01 2.572E-01 
6.700E-02 2.334E-02 1.590E-01 8.872E-02 0.000E+00 0.000E+00 2.711E-01 2.478E-01 
6.900E-02 2.214E-02 1.585E-01 8.087E-02 0.000E+00 0.000E+00 2.615E-01 2.393E-01 
7.100E-02 2.103E-02 1.579E-01 7.391E-02 0.000E+00 0.000E+00 2.528E-01 2.318E-01 
7.300E-02 2.000E-02 1.573E-01 6.771E-02 0.000E+00 0.000E+00 2.450E-01 2.250E-01 
7.500E-02 1.905E-02 1.567E-01 6.218E-02 0.000E+00 0.000E+00 2.379E-01 2.189E-01 
7.700E-02 1.816E-02 1.561E-01 5.722E-02 0.000E+00 0.000E+00 2.315E-01 2.134E-01 
7.900E-02 1.733E-02 1.555E-01 5.277E-02 0.000E+00 0.000E+00 2.256E-01 2.083E-01 
8.000E-02 1.693E-02 1.552E-01 5.072E-02 0.000E+00 0.000E+00 2.229E-01 2.060E-01 
8.100E-02 1.655E-02 1.549E-01 4.877E-02 0.000E+00 0.000E+00 2.203E-01 2.037E-01 
8.300E-02 1.583E-02 1.543E-01 4.515E-02 0.000E+00 0.000E+00 2.153E-01 1.995E-01 
8.500E-02 1.515E-02 1.537E-01 4.188E-02 0.000E+00 0.000E+00 2.108E-01 1.956E-01 
8.700E-02 1.452E-02 1.531E-01 3.891E-02 0.000E+00 0.000E+00 2.066E-01 1.921E-01 
8.900E-02 1.392E-02 1.525E-01 3.622E-02 0.000E+00 0.000E+00 2.027E-01 1.888E-01 
9.100E-02 1.336E-02 1.519E-01 3.376E-02 0.000E+00 0.000E+00 1.991E-01 1.857E-01 
9.300E-02 1.283E-02 1.513E-01 3.152E-02 0.000E+00 0.000E+00 1.957E-01 1.829E-01 
9.500E-02 1.233E-02 1.508E-01 2.947E-02 0.000E+00 0.000E+00 1.926E-01 1.802E-01 
9.700E-02 1.186E-02 1.502E-01 2.759E-02 0.000E+00 0.000E+00 1.896E-01 1.777E-01 
9.900E-02 1.142E-02 1.496E-01 2.587E-02 0.000E+00 0.000E+00 1.869E-01 1.754E-01 
1.000E-01 1.121E-02 1.493E-01 2.506E-02 0.000E+00 0.000E+00 1.855E-01 1.743E-01 
1.010E-01 1.100E-02 1.490E-01 2.428E-02 0.000E+00 0.000E+00 1.843E-01 1.733E-01 
1.030E-01 1.061E-02 1.484E-01 2.282E-02 0.000E+00 0.000E+00 1.818E-01 1.712E-01 
1.050E-01 1.023E-02 1.478E-01 2.147E-02 0.000E+00 0.000E+00 1.795E-01 1.693E-01 
1.070E-01 9.876E-03 1.472E-01 2.023E-02 0.000E+00 0.000E+00 1.774E-01 1.675E-01 
1.090E-01 9.538E-03 1.467E-01 1.908E-02 0.000E+00 0.000E+00 1.753E-01 1.658E-01 
1.110E-01 9.217E-03 1.461E-01 1.801E-02 0.000E+00 0.000E+00 1.733E-01 1.641E-01 
1.130E-01 8.912E-03 1.455E-01 1.703E-02 0.000E+00 0.000E+00 1.715E-01 1.626E-01 
1.150E-01 8.622E-03 1.450E-01 1.611E-02 0.000E+00 0.000E+00 1.697E-01 1.611E-01 
1.170E-01 8.346E-03 1.444E-01 1.525E-02 0.000E+00 0.000E+00 1.680E-01 1.597E-01 
1.190E-01 8.083E-03 1.439E-01 1.446E-02 0.000E+00 0.000E+00 1.664E-01 1.583E-01 
1.210E-01 7.832E-03 1.433E-01 1.372E-02 0.000E+00 0.000E+00 1.649E-01 1.570E-01 
1.230E-01 7.593E-03 1.428E-01 1.302E-02 0.000E+00 0.000E+00 1.634E-01 1.558E-01 
1.250E-01 7.364E-03 1.422E-01 1.238E-02 0.000E+00 0.000E+00 1.620E-01 1.546E-01 
1.270E-01 7.146E-03 1.417E-01 1.177E-02 0.000E+00 0.000E+00 1.606E-01 1.535E-01 
1.290E-01 6.937E-03 1.412E-01 1.121E-02 0.000E+00 0.000E+00 1.593E-01 1.524E-01 
1.310E-01 6.737E-03 1.406E-01 1.068E-02 0.000E+00 0.000E+00 1.581E-01 1.513E-01 
1.330E-01 6.545E-03 1.401E-01 1.018E-02 0.000E+00 0.000E+00 1.569E-01 1.503E-01 
1.350E-01 6.362E-03 1.396E-01 9.710E-03 0.000E+00 0.000E+00 1.557E-01 1.493E-01 
1.370E-01 6.186E-03 1.391E-01 9.270E-03 0.000E+00 0.000E+00 1.546E-01 1.484E-01 
1.390E-01 6.017E-03 1.386E-01 8.856E-03 0.000E+00 0.000E+00 1.535E-01 1.474E-01 
1.410E-01 5.855E-03 1.381E-01 8.466E-03 0.000E+00 0.000E+00 1.524E-01 1.466E-01 
1.430E-01 5.700E-03 1.376E-01 8.099E-03 0.000E+00 0.000E+00 1.514E-01 1.457E-01 
1.450E-01 5.550E-03 1.371E-01 7.753E-03 0.000E+00 0.000E+00 1.504E-01 1.448E-01 
1.470E-01 5.406E-03 1.366E-01 7.426E-03 0.000E+00 0.000E+00 1.494E-01 1.440E-01 
1.490E-01 5.268E-03 1.361E-01 7.117E-03 0.000E+00 0.000E+00 1.485E-01 1.432E-01 
1.500E-01 5.201E-03 1.359E-01 6.969E-03 0.000E+00 0.000E+00 1.480E-01 1.428E-01 
1.510E-01 5.135E-03 1.356E-01 6.825E-03 0.000E+00 0.000E+00 1.476E-01 1.425E-01 
1.530E-01 5.007E-03 1.352E-01 6.548E-03 0.000E+00 0.000E+00 1.467E-01 1.417E-01 
1.550E-01 4.884E-03 1.347E-01 6.287E-03 0.000E+00 0.000E+00 1.459E-01 1.410E-01 
1.570E-01 4.765E-03 1.342E-01 6.039E-03 0.000E+00 0.000E+00 1.450E-01 1.402E-01 
1.590E-01 4.651E-03 1.337E-01 5.804E-03 0.000E+00 0.000E+00 1.442E-01 1.395E-01 
1.610E-01 4.540E-03 1.333E-01 5.581E-03 0.000E+00 0.000E+00 1.434E-01 1.389E-01 
1.630E-01 4.434E-03 1.328E-01 5.369E-03 0.000E+00 0.000E+00 1.426E-01 1.382E-01 
1.650E-01 4.331E-03 1.324E-01 5.168E-03 0.000E+00 0.000E+00 1.419E-01 1.375E-01 
1.670E-01 4.231E-03 1.319E-01 4.976E-03 0.000E+00 0.000E+00 1.411E-01 1.369E-01 
1.690E-01 4.135E-03 1.315E-01 4.794E-03 0.000E+00 0.000E+00 1.404E-01 1.363E-01 
1.710E-01 4.043E-03 1.310E-01 4.621E-03 0.000E+00 0.000E+00 1.397E-01 1.357E-01 
1.730E-01 3.953E-03 1.306E-01 4.456E-03 0.000E+00 0.000E+00 1.390E-01 1.351E-01 
1.750E-01 3.866E-03 1.302E-01 4.299E-03 0.000E+00 0.000E+00 1.383E-01 1.345E-01 
1.770E-01 3.782E-03 1.297E-01 4.149E-03 0.000E+00 0.000E+00 1.377E-01 1.339E-01 
1.790E-01 3.701E-03 1.293E-01 4.006E-03 0.000E+00 0.000E+00 1.370E-01 1.333E-01 
1.810E-01 3.622E-03 1.289E-01 3.870E-03 0.000E+00 0.000E+00 1.364E-01 1.328E-01 
1.830E-01 3.546E-03 1.285E-01 3.740E-03 0.000E+00 0.000E+00 1.358E-01 1.322E-01 
1.850E-01 3.472E-03 1.281E-01 3.615E-03 0.000E+00 0.000E+00 1.351E-01 1.317E-01 
1.870E-01 3.401E-03 1.276E-01 3.496E-03 0.000E+00 0.000E+00 1.345E-01 1.311E-01 
1.890E-01 3.331E-03 1.272E-01 3.383E-03 0.000E+00 0.000E+00 1.340E-01 1.306E-01 
1.910E-01 3.264E-03 1.268E-01 3.274E-03 0.000E+00 0.000E+00 1.334E-01 1.301E-01 
1.930E-01 3.199E-03 1.264E-01 3.170E-03 0.000E+00 0.000E+00 1.328E-01 1.296E-01 
1.950E-01 3.135E-03 1.260E-01 3.070E-03 0.000E+00 0.000E+00 1.322E-01 1.291E-01 
1.970E-01 3.074E-03 1.256E-01 2.974E-03 0.000E+00 0.000E+00 1.317E-01 1.286E-01 
1.990E-01 3.014E-03 1.253E-01 2.883E-03 0.000E+00 0.000E+00 1.312E-01 1.281E-01 
2.000E-01 2.985E-03 1.251E-01 2.838E-03 0.000E+00 0.000E+00 1.309E-01 1.279E-01 
3.000E-01 1.350E-03 1.092E-01 8.292E-04 0.000E+00 0.000E+00 1.113E-01 1.100E-01 
4.000E-01 7.650E-04 9.796E-02 3.618E-04 0.000E+00 0.000E+00 9.908E-02 9.832E-02 
5.000E-01 4.912E-04 8.953E-02 1.971E-04 0.000E+00 0.000E+00 9.022E-02 8.973E-02 
6.000E-01 3.418E-04 8.285E-02 1.235E-04 0.000E+00 0.000E+00 8.332E-02 8.298E-02 
8.000E-01 1.926E-04 7.282E-02 6.270E-05 0.000E+00 0.000E+00 7.308E-02 7.289E-02 
1.000E+00 1.234E-04 6.550E-02 3.898E-05 0.000E+00 0.000E+00 6.566E-02 6.554E-02 
1.022E+00 1.182E-04 6.482E-02 3.686E-05 0.000E+00 0.000E+00 6.497E-02 6.485E-02 
1.250E+00 7.902E-05 5.858E-02 2.497E-05 2.763E-05 0.000E+00 5.871E-02 5.863E-02 
1.500E+00 5.489E-05 5.324E-02 1.805E-05 1.491E-04 0.000E+00 5.346E-02 5.341E-02 
2.000E+00 3.089E-05 4.544E-02 1.120E-05 5.873E-04 0.000E+00 4.607E-02 4.604E-02 
2.044E+00 2.957E-05 4.487E-02 1.083E-05 6.329E-04 0.000E+00 4.555E-02 4.552E-02 
3.000E+00 1.373E-05 3.575E-02 6.143E-06 1.664E-03 1.251E-05 3.745E-02 3.743E-02 
4.000E+00 7.726E-06 2.982E-02 4.164E-06 2.686E-03 5.107E-05 3.257E-02 3.256E-02 
5.000E+00 4.944E-06 2.575E-02 3.133E-06 3.595E-03 1.018E-04 2.946E-02 2.945E-02 
6.000E+00 3.433E-06 2.276E-02 2.504E-06 4.410E-03 1.563E-04 2.734E-02 2.733E-02 
7.000E+00 2.522E-06 2.046E-02 2.082E-06 5.135E-03 2.107E-04 2.581E-02 2.581E-02 
8.000E+00 1.931E-06 1.862E-02 1.781E-06 5.787E-03 2.635E-04 2.467E-02 2.467E-02 
9.000E+00 1.526E-06 1.712E-02 1.554E-06 6.380E-03 3.142E-04 2.381E-02 2.381E-02 
1.000E+01 1.236E-06 1.586E-02 1.379E-06 6.916E-03 3.624E-04 2.314E-02 2.314E-02 
1.100E+01 1.021E-06 1.479E-02 1.239E-06 7.404E-03 4.082E-04 2.261E-02 2.261E-02 
1.200E+01 8.584E-07 1.387E-02 1.124E-06 7.851E-03 4.515E-04 2.218E-02 2.218E-02 
1.300E+01 7.315E-07 1.307E-02 1.029E-06 8.266E-03 4.925E-04 2.183E-02 2.183E-02 
1.400E+01 6.305E-07 1.236E-02 9.483E-07 8.654E-03 5.315E-04 2.155E-02 2.155E-02 
1.500E+01 5.493E-07 1.174E-02 8.796E-07 9.013E-03 5.684E-04 2.132E-02 2.132E-02 
1.600E+01 4.828E-07 1.118E-02 8.201E-07 9.354E-03 6.038E-04 2.114E-02 2.114E-02 
1.800E+01 3.815E-07 1.022E-02 7.219E-07 9.977E-03 6.695E-04 2.086E-02 2.086E-02 
2.000E+01 3.090E-07 9.420E-03 6.449E-07 1.053E-02 7.295E-04 2.068E-02 2.068E-02 
2.200E+01 2.554E-07 8.751E-03 5.828E-07 1.103E-02 7.849E-04 2.057E-02 2.057E-02 
2.400E+01 2.146E-07 8.177E-03 5.315E-07 1.149E-02 8.359E-04 2.051E-02 2.051E-02 
2.600E+01 1.829E-07 7.677E-03 4.882E-07 1.191E-02 8.833E-04 2.047E-02 2.047E-02 
2.800E+01 1.576E-07 7.243E-03 4.519E-07 1.230E-02 9.276E-04 2.047E-02 2.047E-02 
3.000E+01 1.373E-07 6.858E-03 4.202E-07 1.266E-02 9.689E-04 2.048E-02 2.048E-02 
4.000E+01 7.726E-08 5.450E-03 3.116E-07 1.412E-02 1.143E-03 2.072E-02 2.072E-02 
5.000E+01 4.944E-08 4.549E-03 2.475E-07 1.523E-02 1.278E-03 2.105E-02 2.105E-02 
6.000E+01 3.433E-08 3.919E-03 2.053E-07 1.609E-02 1.387E-03 2.140E-02 2.140E-02 
8.000E+01 1.931E-08 3.091E-03 1.531E-07 1.740E-02 1.556E-03 2.205E-02 2.205E-02 
1.000E+02 1.236E-08 2.566E-03 1.220E-07 1.834E-02 1.683E-03 2.259E-02 2.259E-02 
1.500E+02 5.493E-09 1.827E-03 8.098E-08 1.989E-02 1.901E-03 2.362E-02 2.362E-02 
2.000E+02 3.089E-09 1.433E-03 6.057E-08 2.085E-02 2.044E-03 2.432E-02 2.432E-02 
3.000E+02 1.373E-09 1.015E-03 4.029E-08 2.198E-02 2.227E-03 2.522E-02 2.522E-02 
4.000E+02 7.726E-10 7.952E-04 3.019E-08 2.265E-02 2.340E-03 2.579E-02 2.579E-02 
5.000E+02 4.943E-10 6.583E-04 2.413E-08 2.309E-02 2.419E-03 2.617E-02 2.617E-02 
6.000E+02 3.433E-10 5.637E-04 2.010E-08 2.341E-02 2.477E-03 2.646E-02 2.646E-02 
8.000E+02 1.931E-10 4.402E-04 1.506E-08 2.384E-02 2.559E-03 2.684E-02 2.684E-02 
1.000E+03 1.236E-10 3.621E-04 1.205E-08 2.412E-02 2.615E-03 2.710E-02 2.710E-02 
1.500E+03 5.493E-11 2.529E-04 8.029E-09 2.454E-02 2.698E-03 2.749E-02 2.749E-02 
2.000E+03 3.089E-11 1.958E-04 6.020E-09 2.476E-02 2.745E-03 2.770E-02 2.770E-02 
3.000E+03 1.373E-11 1.361E-04 4.012E-09 2.500E-02 2.798E-03 2.794E-02 2.794E-02 
4.000E+03 7.726E-12 1.051E-04 3.009E-09 2.514E-02 2.829E-03 2.807E-02 2.807E-02 
5.000E+03 4.943E-12 8.591E-05 2.407E-09 2.522E-02 2.848E-03 2.815E-02 2.815E-02 
6.000E+03 3.433E-12 7.285E-05 2.006E-09 2.527E-02 2.861E-03 2.821E-02 2.821E-02 
8.000E+03 1.931E-12 5.612E-05 1.504E-09 2.535E-02 2.879E-03 2.829E-02 2.829E-02 
1.000E+04 1.236E-12 4.581E-05 1.203E-09 2.540E-02 2.891E-03 2.833E-02 2.833E-02 
1.500E+04 5.493E-13 3.167E-05 8.021E-10 2.547E-02 2.906E-03 2.841E-02 2.841E-02 
2.000E+04 3.089E-13 2.435E-05 6.016E-10 2.550E-02 2.915E-03 2.844E-02 2.844E-02 
3.000E+04 1.373E-13 1.679E-05 4.011E-10 2.554E-02 2.924E-03 2.848E-02 2.848E-02 
4.000E+04 7.726E-14 1.289E-05 3.008E-10 2.556E-02 2.930E-03 2.850E-02 2.850E-02 
5.000E+04 4.943E-14 1.050E-05 2.406E-10 2.557E-02 2.933E-03 2.851E-02 2.851E-02 
6.000E+04 3.433E-14 8.873E-06 2.005E-10 2.558E-02 2.935E-03 2.852E-02 2.852E-02 
8.000E+04 1.931E-14 6.804E-06 1.504E-10 2.559E-02 2.937E-03 2.854E-02 2.854E-02 
1.000E+05 1.236E-14 5.534E-06 1.203E-10 2.560E-02 2.939E-03 2.854E-02 2.854E-02 