1.000E-03 8.418E+00 4.688E-03 9.087E+03 0.000E+00 0.000E+00 9.096E+03 9.087E+03 
1.072E-03 8.357E+00 5.272E-03 7.858E+03 0.000E+00 0.000E+00 7.867E+03 7.858E+03 
1.072E-03 8.357E+00 5.272E-03 8.195E+03 0.000E+00 0.000E+00 8.204E+03 8.195E+03 
1.500E-03 7.958E+00 8.969E-03 3.911E+03 0.000E+00 0.000E+00 3.919E+03 3.911E+03 
2.000E-03 7.446E+00 1.342E-02 1.989E+03 0.000E+00 0.000E+00 1.997E+03 1.989E+03 
3.000E-03 6.463E+00 2.190E-02 7.355E+02 0.000E+00 0.000E+00 7.420E+02 7.356E+02 
4.000E-03 5.628E+00 2.932E-02 3.551E+02 0.000E+00 0.000E+00 3.608E+02 3.551E+02 
4.557E-03 5.229E+00 3.296E-02 2.539E+02 0.000E+00 0.000E+00 2.591E+02 2.539E+02 
4.557E-03 5.229E+00 3.296E-02 7.498E+02 0.000E+00 0.000E+00 7.550E+02 7.498E+02 
4.702E-03 5.133E+00 3.387E-02 7.027E+02 0.000E+00 0.000E+00 7.079E+02 7.027E+02 
4.852E-03 5.035E+00 3.479E-02 6.587E+02 0.000E+00 0.000E+00 6.637E+02 6.587E+02 
4.852E-03 5.035E+00 3.479E-02 8.883E+02 0.000E+00 0.000E+00 8.934E+02 8.884E+02 
5.000E-03 4.940E+00 3.568E-02 8.380E+02 0.000E+00 0.000E+00 8.430E+02 8.381E+02 
5.188E-03 4.821E+00 3.679E-02 7.616E+02 0.000E+00 0.000E+00 7.665E+02 7.617E+02 
5.188E-03 4.821E+00 3.679E-02 8.788E+02 0.000E+00 0.000E+00 8.837E+02 8.789E+02 
6.000E-03 4.356E+00 4.129E-02 6.131E+02 0.000E+00 0.000E+00 6.175E+02 6.131E+02 
7.000E-03 3.863E+00 4.636E-02 4.095E+02 0.000E+00 0.000E+00 4.134E+02 4.095E+02 
8.000E-03 3.446E+00 5.106E-02 2.886E+02 0.000E+00 0.000E+00 2.921E+02 2.887E+02 
9.000E-03 3.094E+00 5.546E-02 2.112E+02 0.000E+00 0.000E+00 2.144E+02 2.113E+02 
1.000E-02 2.798E+00 5.955E-02 1.597E+02 0.000E+00 0.000E+00 1.626E+02 1.598E+02 
1.100E-02 2.549E+00 6.335E-02 1.234E+02 0.000E+00 0.000E+00 1.260E+02 1.234E+02 
1.300E-02 2.149E+00 7.009E-02 7.842E+01 0.000E+00 0.000E+00 8.064E+01 7.849E+01 
1.500E-02 1.843E+00 7.578E-02 5.320E+01 0.000E+00 0.000E+00 5.511E+01 5.327E+01 
1.700E-02 1.600E+00 8.058E-02 3.765E+01 0.000E+00 0.000E+00 3.933E+01 3.773E+01 
1.900E-02 1.400E+00 8.465E-02 2.769E+01 0.000E+00 0.000E+00 2.918E+01 2.778E+01 
2.000E-02 1.312E+00 8.646E-02 2.404E+01 0.000E+00 0.000E+00 2.543E+01 2.412E+01 
2.100E-02 1.232E+00 8.815E-02 2.096E+01 0.000E+00 0.000E+00 2.228E+01 2.105E+01 
2.300E-02 1.090E+00 9.118E-02 1.625E+01 0.000E+00 0.000E+00 1.743E+01 1.634E+01 
2.500E-02 9.702E-01 9.382E-02 1.286E+01 0.000E+00 0.000E+00 1.393E+01 1.296E+01 
2.700E-02 8.691E-01 9.613E-02 1.037E+01 0.000E+00 0.000E+00 1.133E+01 1.046E+01 
2.900E-02 7.834E-01 9.816E-02 8.485E+00 0.000E+00 0.000E+00 9.367E+00 8.583E+00 
3.000E-02 7.455E-01 9.908E-02 7.716E+00 0.000E+00 0.000E+00 8.561E+00 7.815E+00 
3.100E-02 7.105E-01 9.995E-02 7.033E+00 0.000E+00 0.000E+00 7.843E+00 7.133E+00 
3.300E-02 6.479E-01 1.015E-01 5.893E+00 0.000E+00 0.000E+00 6.642E+00 5.994E+00 
3.317E-02 6.430E-01 1.016E-01 5.808E+00 0.000E+00 0.000E+00 6.553E+00 5.910E+00 
3.317E-02 6.430E-01 1.016E-01 3.508E+01 0.000E+00 0.000E+00 3.583E+01 3.518E+01 
3.500E-02 5.937E-01 1.029E-01 3.050E+01 0.000E+00 0.000E+00 3.120E+01 3.060E+01 
3.700E-02 5.464E-01 1.041E-01 2.638E+01 0.000E+00 0.000E+00 2.703E+01 2.649E+01 
3.900E-02 5.048E-01 1.052E-01 2.298E+01 0.000E+00 0.000E+00 2.359E+01 2.309E+01 
4.000E-02 4.859E-01 1.057E-01 2.151E+01 0.000E+00 0.000E+00 2.210E+01 2.161E+01 
4.100E-02 4.681E-01 1.062E-01 2.015E+01 0.000E+00 0.000E+00 2.073E+01 2.026E+01 
4.300E-02 4.355E-01 1.071E-01 1.777E+01 0.000E+00 0.000E+00 1.831E+01 1.788E+01 
4.500E-02 4.063E-01 1.078E-01 1.575E+01 0.000E+00 0.000E+00 1.626E+01 1.586E+01 
4.700E-02 3.800E-01 1.085E-01 1.402E+01 0.000E+00 0.000E+00 1.451E+01 1.413E+01 
4.900E-02 3.563E-01 1.091E-01 1.253E+01 0.000E+00 0.000E+00 1.300E+01 1.264E+01 
5.000E-02 3.452E-01 1.093E-01 1.187E+01 0.000E+00 0.000E+00 1.232E+01 1.198E+01 
5.100E-02 3.346E-01 1.096E-01 1.125E+01 0.000E+00 0.000E+00 1.169E+01 1.136E+01 
5.300E-02 3.149E-01 1.100E-01 1.013E+01 0.000E+00 0.000E+00 1.056E+01 1.024E+01 
5.500E-02 2.968E-01 1.104E-01 9.156E+00 0.000E+00 0.000E+00 9.563E+00 9.266E+00 
5.700E-02 2.802E-01 1.107E-01 8.301E+00 0.000E+00 0.000E+00 8.692E+00 8.412E+00 
5.900E-02 2.649E-01 1.109E-01 7.550E+00 0.000E+00 0.000E+00 7.926E+00 7.661E+00 
6.000E-02 2.577E-01 1.110E-01 7.208E+00 0.000E+00 0.000E+00 7.577E+00 7.319E+00 
6.100E-02 2.508E-01 1.111E-01 6.887E+00 0.000E+00 0.000E+00 7.249E+00 6.998E+00 
6.300E-02 2.377E-01 1.113E-01 6.300E+00 0.000E+00 0.000E+00 6.649E+00 6.412E+00 
6.500E-02 2.257E-01 1.114E-01 5.779E+00 0.000E+00 0.000E+00 6.116E+00 5.890E+00 
6.700E-02 2.145E-01 1.115E-01 5.313E+00 0.000E+00 0.000E+00 5.639E+00 5.425E+00 
6.900E-02 2.041E-01 1.116E-01 4.897E+00 0.000E+00 0.000E+00 5.212E+00 5.008E+00 
7.100E-02 1.944E-01 1.117E-01 4.523E+00 0.000E+00 0.000E+00 4.829E+00 4.634E+00 
7.300E-02 1.855E-01 1.117E-01 4.186E+00 0.000E+00 0.000E+00 4.483E+00 4.298E+00 
7.500E-02 1.771E-01 1.117E-01 3.882E+00 0.000E+00 0.000E+00 4.170E+00 3.993E+00 
7.700E-02 1.692E-01 1.116E-01 3.606E+00 0.000E+00 0.000E+00 3.887E+00 3.718E+00 
7.900E-02 1.619E-01 1.116E-01 3.357E+00 0.000E+00 0.000E+00 3.630E+00 3.468E+00 
8.000E-02 1.584E-01 1.115E-01 3.240E+00 0.000E+00 0.000E+00 3.510E+00 3.352E+00 
8.100E-02 1.551E-01 1.115E-01 3.129E+00 0.000E+00 0.000E+00 3.396E+00 3.241E+00 
8.300E-02 1.487E-01 1.114E-01 2.922E+00 0.000E+00 0.000E+00 3.182E+00 3.033E+00 
8.500E-02 1.426E-01 1.113E-01 2.732E+00 0.000E+00 0.000E+00 2.986E+00 2.844E+00 
8.700E-02 1.370E-01 1.111E-01 2.559E+00 0.000E+00 0.000E+00 2.807E+00 2.670E+00 
8.900E-02 1.317E-01 1.110E-01 2.400E+00 0.000E+00 0.000E+00 2.643E+00 2.511E+00 
9.100E-02 1.266E-01 1.108E-01 2.254E+00 0.000E+00 0.000E+00 2.491E+00 2.365E+00 
9.300E-02 1.219E-01 1.107E-01 2.119E+00 0.000E+00 0.000E+00 2.352E+00 2.230E+00 
9.500E-02 1.175E-01 1.105E-01 1.995E+00 0.000E+00 0.000E+00 2.223E+00 2.106E+00 
9.700E-02 1.132E-01 1.103E-01 1.881E+00 0.000E+00 0.000E+00 2.104E+00 1.991E+00 
9.900E-02 1.093E-01 1.101E-01 1.775E+00 0.000E+00 0.000E+00 1.994E+00 1.885E+00 
1.000E-01 1.073E-01 1.100E-01 1.725E+00 0.000E+00 0.000E+00 1.942E+00 1.835E+00 
1.010E-01 1.055E-01 1.099E-01 1.677E+00 0.000E+00 0.000E+00 1.892E+00 1.787E+00 
1.030E-01 1.019E-01 1.097E-01 1.586E+00 0.000E+00 0.000E+00 1.798E+00 1.696E+00 
1.050E-01 9.851E-02 1.095E-01 1.501E+00 0.000E+00 0.000E+00 1.709E+00 1.611E+00 
1.070E-01 9.529E-02 1.092E-01 1.423E+00 0.000E+00 0.000E+00 1.627E+00 1.532E+00 
1.090E-01 9.223E-02 1.090E-01 1.350E+00 0.000E+00 0.000E+00 1.551E+00 1.459E+00 
1.110E-01 8.931E-02 1.088E-01 1.282E+00 0.000E+00 0.000E+00 1.480E+00 1.390E+00 
1.130E-01 8.654E-02 1.085E-01 1.218E+00 0.000E+00 0.000E+00 1.413E+00 1.327E+00 
1.150E-01 8.389E-02 1.083E-01 1.159E+00 0.000E+00 0.000E+00 1.351E+00 1.267E+00 
1.170E-01 8.137E-02 1.080E-01 1.103E+00 0.000E+00 0.000E+00 1.292E+00 1.211E+00 
1.190E-01 7.896E-02 1.078E-01 1.051E+00 0.000E+00 0.000E+00 1.238E+00 1.159E+00 
1.210E-01 7.666E-02 1.075E-01 1.002E+00 0.000E+00 0.000E+00 1.186E+00 1.109E+00 
1.230E-01 7.446E-02 1.073E-01 9.561E-01 0.000E+00 0.000E+00 1.138E+00 1.063E+00 
1.250E-01 7.235E-02 1.070E-01 9.131E-01 0.000E+00 0.000E+00 1.092E+00 1.020E+00 
1.270E-01 7.034E-02 1.067E-01 8.725E-01 0.000E+00 0.000E+00 1.050E+00 9.793E-01 
1.290E-01 6.841E-02 1.065E-01 8.344E-01 0.000E+00 0.000E+00 1.009E+00 9.409E-01 
1.310E-01 6.655E-02 1.062E-01 7.985E-01 0.000E+00 0.000E+00 9.713E-01 9.047E-01 
1.330E-01 6.478E-02 1.059E-01 7.646E-01 0.000E+00 0.000E+00 9.353E-01 8.706E-01 
1.350E-01 6.307E-02 1.057E-01 7.327E-01 0.000E+00 0.000E+00 9.014E-01 8.383E-01 
1.370E-01 6.143E-02 1.054E-01 7.025E-01 0.000E+00 0.000E+00 8.693E-01 8.079E-01 
1.390E-01 5.986E-02 1.051E-01 6.739E-01 0.000E+00 0.000E+00 8.389E-01 7.791E-01 
1.410E-01 5.835E-02 1.049E-01 6.469E-01 0.000E+00 0.000E+00 8.101E-01 7.518E-01 
1.430E-01 5.689E-02 1.046E-01 6.214E-01 0.000E+00 0.000E+00 7.828E-01 7.260E-01 
1.450E-01 5.549E-02 1.043E-01 5.972E-01 0.000E+00 0.000E+00 7.570E-01 7.015E-01 
1.470E-01 5.413E-02 1.040E-01 5.742E-01 0.000E+00 0.000E+00 7.324E-01 6.782E-01 
1.490E-01 5.283E-02 1.038E-01 5.524E-01 0.000E+00 0.000E+00 7.090E-01 6.562E-01 
1.500E-01 5.220E-02 1.036E-01 5.419E-01 0.000E+00 0.000E+00 6.978E-01 6.456E-01 
1.510E-01 5.158E-02 1.035E-01 5.317E-01 0.000E+00 0.000E+00 6.868E-01 6.352E-01 
1.530E-01 5.037E-02 1.032E-01 5.121E-01 0.000E+00 0.000E+00 6.657E-01 6.153E-01 
1.550E-01 4.920E-02 1.030E-01 4.934E-01 0.000E+00 0.000E+00 6.455E-01 5.963E-01 
1.570E-01 4.807E-02 1.027E-01 4.756E-01 0.000E+00 0.000E+00 6.264E-01 5.783E-01 
1.590E-01 4.698E-02 1.024E-01 4.587E-01 0.000E+00 0.000E+00 6.081E-01 5.611E-01 
1.610E-01 4.593E-02 1.022E-01 4.426E-01 0.000E+00 0.000E+00 5.907E-01 5.447E-01 
1.630E-01 4.491E-02 1.019E-01 4.272E-01 0.000E+00 0.000E+00 5.740E-01 5.291E-01 
1.650E-01 4.393E-02 1.016E-01 4.126E-01 0.000E+00 0.000E+00 5.581E-01 5.142E-01 
1.670E-01 4.297E-02 1.013E-01 3.986E-01 0.000E+00 0.000E+00 5.429E-01 4.999E-01 
1.690E-01 4.205E-02 1.011E-01 3.853E-01 0.000E+00 0.000E+00 5.284E-01 4.863E-01 
1.710E-01 4.116E-02 1.008E-01 3.725E-01 0.000E+00 0.000E+00 5.145E-01 4.733E-01 
2.000E-01 3.087E-02 9.709E-02 2.383E-01 0.000E+00 0.000E+00 3.663E-01 3.354E-01 
3.000E-01 1.440E-02 8.627E-02 7.650E-02 0.000E+00 0.000E+00 1.772E-01 1.628E-01 
4.000E-01 8.295E-03 7.811E-02 3.525E-02 0.000E+00 0.000E+00 1.217E-01 1.134E-01 
5.000E-01 5.381E-03 7.175E-02 1.988E-02 0.000E+00 0.000E+00 9.701E-02 9.163E-02 
6.000E-01 3.771E-03 6.663E-02 1.274E-02 0.000E+00 0.000E+00 8.313E-02 7.936E-02 
8.000E-01 2.143E-03 5.875E-02 6.596E-03 0.000E+00 0.000E+00 6.749E-02 6.534E-02 
1.000E+00 1.379E-03 5.291E-02 4.120E-03 0.000E+00 0.000E+00 5.841E-02 5.703E-02 
1.022E+00 1.321E-03 5.234E-02 3.922E-03 0.000E+00 0.000E+00 5.759E-02 5.626E-02 
1.250E+00 8.860E-04 4.737E-02 2.645E-03 1.883E-04 0.000E+00 5.109E-02 5.021E-02 
1.500E+00 6.164E-04 4.309E-02 1.893E-03 8.713E-04 0.000E+00 4.647E-02 4.586E-02 
2.000E+00 3.476E-04 3.681E-02 1.152E-03 2.939E-03 0.000E+00 4.124E-02 4.090E-02 
2.044E+00 3.329E-04 3.635E-02 1.111E-03 3.139E-03 0.000E+00 4.094E-02 4.061E-02 
3.000E+00 1.547E-04 2.898E-02 6.112E-04 7.408E-03 1.014E-05 3.716E-02 3.701E-02 
4.000E+00 8.713E-05 2.418E-02 4.046E-04 1.136E-02 4.134E-05 3.607E-02 3.598E-02 
5.000E+00 5.576E-05 2.088E-02 2.992E-04 1.476E-02 8.229E-05 3.608E-02 3.602E-02 
6.000E+00 3.873E-05 1.846E-02 2.361E-04 1.769E-02 1.262E-04 3.655E-02 3.651E-02 
7.000E+00 2.846E-05 1.659E-02 1.944E-04 2.030E-02 1.700E-04 3.729E-02 3.726E-02 
8.000E+00 2.179E-05 1.510E-02 1.650E-04 2.265E-02 2.123E-04 3.815E-02 3.813E-02 
9.000E+00 1.722E-05 1.389E-02 1.431E-04 2.478E-02 2.528E-04 3.907E-02 3.906E-02 
1.000E+01 1.395E-05 1.286E-02 1.262E-04 2.673E-02 2.913E-04 4.002E-02 4.001E-02 
1.100E+01 1.153E-05 1.200E-02 1.129E-04 2.852E-02 3.276E-04 4.097E-02 4.096E-02 
1.200E+01 9.685E-06 1.125E-02 1.021E-04 3.019E-02 3.619E-04 4.192E-02 4.191E-02 
1.300E+01 8.252E-06 1.060E-02 9.310E-05 3.174E-02 3.942E-04 4.283E-02 4.283E-02 
1.400E+01 7.118E-06 1.003E-02 8.556E-05 3.316E-02 4.249E-04 4.371E-02 4.370E-02 
1.500E+01 6.198E-06 9.524E-03 7.915E-05 3.448E-02 4.539E-04 4.455E-02 4.454E-02 
1.600E+01 5.448E-06 9.068E-03 7.365E-05 3.571E-02 4.817E-04 4.534E-02 4.533E-02 
1.800E+01 4.305E-06 8.285E-03 6.459E-05 3.794E-02 5.324E-04 4.683E-02 4.683E-02 
2.000E+01 3.487E-06 7.640E-03 5.751E-05 3.995E-02 5.789E-04 4.823E-02 4.823E-02 
2.200E+01 2.882E-06 7.099E-03 5.182E-05 4.177E-02 6.216E-04 4.954E-02 4.954E-02 
2.400E+01 2.422E-06 6.634E-03 4.717E-05 4.342E-02 6.606E-04 5.076E-02 5.076E-02 
2.600E+01 2.063E-06 6.231E-03 4.327E-05 4.493E-02 6.966E-04 5.190E-02 5.190E-02 
2.800E+01 1.779E-06 5.875E-03 3.996E-05 4.631E-02 7.298E-04 5.295E-02 5.295E-02 
3.000E+01 1.550E-06 5.562E-03 3.712E-05 4.760E-02 7.612E-04 5.396E-02 5.396E-02 
4.000E+01 8.717E-07 4.421E-03 2.738E-05 5.272E-02 8.893E-04 5.806E-02 5.806E-02 
5.000E+01 5.581E-07 3.691E-03 2.169E-05 5.657E-02 9.866E-04 6.127E-02 6.126E-02 
6.000E+01 3.875E-07 3.180E-03 1.795E-05 5.955E-02 1.064E-03 6.382E-02 6.382E-02 
8.000E+01 2.180E-07 2.508E-03 1.335E-05 6.392E-02 1.180E-03 6.762E-02 6.762E-02 
1.000E+02 1.395E-07 2.082E-03 1.062E-05 6.705E-02 1.264E-03 7.041E-02 7.041E-02 
1.500E+02 6.198E-08 1.482E-03 7.033E-06 7.204E-02 1.404E-03 7.493E-02 7.493E-02 
2.000E+02 3.487E-08 1.162E-03 5.258E-06 7.502E-02 1.491E-03 7.768E-02 7.768E-02 
3.000E+02 1.550E-08 8.238E-04 3.493E-06 7.849E-02 1.599E-03 8.092E-02 8.092E-02 
4.000E+02 8.717E-09 6.454E-04 2.615E-06 8.048E-02 1.663E-03 8.279E-02 8.279E-02 
5.000E+02 5.581E-09 5.339E-04 2.090E-06 8.176E-02 1.707E-03 8.401E-02 8.401E-02 
6.000E+02 3.874E-09 4.573E-04 1.740E-06 8.271E-02 1.739E-03 8.491E-02 8.491E-02 
8.000E+02 2.179E-09 3.571E-04 1.304E-06 8.395E-02 1.784E-03 8.609E-02 8.609E-02 
1.000E+03 1.395E-09 2.938E-04 1.043E-06 8.475E-02 1.813E-03 8.686E-02 8.686E-02 
1.500E+03 6.198E-10 2.052E-04 6.947E-07 8.594E-02 1.857E-03 8.800E-02 8.800E-02 
2.000E+03 3.487E-10 1.588E-04 5.206E-07 8.660E-02 1.882E-03 8.864E-02 8.864E-02 
3.000E+03 1.550E-10 1.104E-04 3.471E-07 8.727E-02 1.909E-03 8.929E-02 8.929E-02 
4.000E+03 8.717E-11 8.523E-05 2.603E-07 8.765E-02 1.924E-03 8.966E-02 8.966E-02 
5.000E+03 5.581E-11 6.971E-05 2.082E-07 8.788E-02 1.934E-03 8.989E-02 8.989E-02 
6.000E+03 3.874E-11 5.908E-05 1.735E-07 8.803E-02 1.941E-03 9.003E-02 9.003E-02 
8.000E+03 2.179E-11 4.553E-05 1.301E-07 8.826E-02 1.950E-03 9.026E-02 9.026E-02 
1.000E+04 1.395E-11 3.718E-05 1.041E-07 8.841E-02 1.956E-03 9.040E-02 9.040E-02 
1.500E+04 6.198E-12 2.569E-05 6.938E-08 8.860E-02 1.963E-03 9.059E-02 9.059E-02 
2.000E+04 3.487E-12 1.975E-05 5.201E-08 8.869E-02 1.968E-03 9.068E-02 9.068E-02 
3.000E+04 1.550E-12 1.362E-05 3.468E-08 8.879E-02 1.972E-03 9.077E-02 9.077E-02 
4.000E+04 8.717E-13 1.046E-05 2.601E-08 8.883E-02 1.975E-03 9.082E-02 9.082E-02 
5.000E+04 5.581E-13 8.518E-06 2.081E-08 8.888E-02 1.976E-03 9.087E-02 9.087E-02 
6.000E+04 3.874E-13 7.199E-06 1.734E-08 8.888E-02 1.977E-03 9.087E-02 9.087E-02 
8.000E+04 2.179E-13 5.519E-06 1.301E-08 8.893E-02 1.979E-03 9.091E-02 9.091E-02 
1.000E+05 1.395E-13 4.491E-06 1.041E-08 8.893E-02 1.980E-03 9.091E-02 9.091E-02 
1.000E-03 8.418E+00 4.688E-03 9.087E+03 0.000E+00 0.000E+00 9.096E+03 9.087E+03 
1.035E-03 8.388E+00 4.972E-03 8.450E+03 0.000E+00 0.000E+00 8.458E+03 8.450E+03 
1.072E-03 8.357E+00 5.272E-03 7.858E+03 0.000E+00 0.000E+00 7.867E+03 7.858E+03 
1.072E-03 8.357E+00 5.272E-03 8.195E+03 0.000E+00 0.000E+00 8.204E+03 8.195E+03 
1.500E-03 7.958E+00 8.969E-03 3.911E+03 0.000E+00 0.000E+00 3.919E+03 3.911E+03 
2.000E-03 7.446E+00 1.342E-02 1.989E+03 0.000E+00 0.000E+00 1.997E+03 1.989E+03 
3.000E-03 6.463E+00 2.190E-02 7.355E+02 0.000E+00 0.000E+00 7.420E+02 7.356E+02 
4.000E-03 5.628E+00 2.932E-02 3.551E+02 0.000E+00 0.000E+00 3.608E+02 3.551E+02 
4.557E-03 5.229E+00 3.296E-02 2.539E+02 0.000E+00 0.000E+00 2.591E+02 2.539E+02 
4.557E-03 5.229E+00 3.296E-02 7.498E+02 0.000E+00 0.000E+00 7.550E+02 7.498E+02 
4.702E-03 5.133E+00 3.387E-02 7.027E+02 0.000E+00 0.000E+00 7.079E+02 7.027E+02 
4.852E-03 5.035E+00 3.479E-02 6.587E+02 0.000E+00 0.000E+00 6.637E+02 6.587E+02 
4.852E-03 5.035E+00 3.479E-02 8.883E+02 0.000E+00 0.000E+00 8.934E+02 8.884E+02 
5.000E-03 4.940E+00 3.568E-02 8.380E+02 0.000E+00 0.000E+00 8.430E+02 8.381E+02 
5.188E-03 4.821E+00 3.679E-02 7.616E+02 0.000E+00 0.000E+00 7.665E+02 7.617E+02 
5.188E-03 4.821E+00 3.679E-02 8.788E+02 0.000E+00 0.000E+00 8.837E+02 8.789E+02 
6.000E-03 4.356E+00 4.129E-02 6.131E+02 0.000E+00 0.000E+00 6.175E+02 6.131E+02 
8.000E-03 3.446E+00 5.106E-02 2.886E+02 0.000E+00 0.000E+00 2.921E+02 2.887E+02 
1.000E-02 2.798E+00 5.955E-02 1.597E+02 0.000E+00 0.000E+00 1.626E+02 1.598E+02 
1.500E-02 1.843E+00 7.578E-02 5.320E+01 0.000E+00 0.000E+00 5.511E+01 5.327E+01 
2.000E-02 1.312E+00 8.646E-02 2.404E+01 0.000E+00 0.000E+00 2.543E+01 2.412E+01 
3.000E-02 7.455E-01 9.908E-02 7.716E+00 0.000E+00 0.000E+00 8.561E+00 7.815E+00 
3.317E-02 6.430E-01 1.016E-01 5.808E+00 0.000E+00 0.000E+00 6.553E+00 5.910E+00 
3.317E-02 6.430E-01 1.016E-01 3.508E+01 0.000E+00 0.000E+00 3.583E+01 3.518E+01 
4.000E-02 4.859E-01 1.057E-01 2.151E+01 0.000E+00 0.000E+00 2.210E+01 2.161E+01 
5.000E-02 3.452E-01 1.093E-01 1.187E+01 0.000E+00 0.000E+00 1.232E+01 1.198E+01 
6.000E-02 2.577E-01 1.110E-01 7.208E+00 0.000E+00 0.000E+00 7.577E+00 7.319E+00 
8.000E-02 1.584E-01 1.115E-01 3.240E+00 0.000E+00 0.000E+00 3.510E+00 3.352E+00 
1.000E-01 1.073E-01 1.100E-01 1.725E+00 0.000E+00 0.000E+00 1.942E+00 1.835E+00 
1.500E-01 5.220E-02 1.036E-01 5.419E-01 0.000E+00 0.000E+00 6.978E-01 6.456E-01 
1.730E-01 4.030E-02 1.006E-01 3.603E-01 0.000E+00 0.000E+00 5.012E-01 4.609E-01 
1.750E-01 3.946E-02 1.003E-01 3.487E-01 0.000E+00 0.000E+00 4.884E-01 4.490E-01 
1.770E-01 3.865E-02 1.000E-01 3.376E-01 0.000E+00 0.000E+00 4.762E-01 4.376E-01 
1.790E-01 3.786E-02 9.977E-02 3.269E-01 0.000E+00 0.000E+00 4.645E-01 4.267E-01 
1.810E-01 3.710E-02 9.951E-02 3.167E-01 0.000E+00 0.000E+00 4.533E-01 4.162E-01 
1.830E-01 3.636E-02 9.925E-02 3.069E-01 0.000E+00 0.000E+00 4.425E-01 4.062E-01 
1.850E-01 3.564E-02 9.899E-02 2.976E-01 0.000E+00 0.000E+00 4.322E-01 3.965E-01 
1.870E-01 3.494E-02 9.873E-02 2.886E-01 0.000E+00 0.000E+00 4.222E-01 3.873E-01 
1.890E-01 3.427E-02 9.848E-02 2.800E-01 0.000E+00 0.000E+00 4.127E-01 3.784E-01 
1.910E-01 3.361E-02 9.822E-02 2.717E-01 0.000E+00 0.000E+00 4.035E-01 3.699E-01 
1.930E-01 3.297E-02 9.797E-02 2.637E-01 0.000E+00 0.000E+00 3.947E-01 3.617E-01 
1.950E-01 3.235E-02 9.772E-02 2.561E-01 0.000E+00 0.000E+00 3.862E-01 3.538E-01 
1.970E-01 3.174E-02 9.746E-02 2.488E-01 0.000E+00 0.000E+00 3.780E-01 3.462E-01 
1.990E-01 3.116E-02 9.722E-02 2.417E-01 0.000E+00 0.000E+00 3.701E-01 3.390E-01 
2.000E-01 3.087E-02 9.709E-02 2.383E-01 0.000E+00 0.000E+00 3.663E-01 3.354E-01 
3.000E-01 1.440E-02 8.627E-02 7.650E-02 0.000E+00 0.000E+00 1.772E-01 1.628E-01 
4.000E-01 8.295E-03 7.811E-02 3.525E-02 0.000E+00 0.000E+00 1.217E-01 1.134E-01 
5.000E-01 5.381E-03 7.175E-02 1.988E-02 0.000E+00 0.000E+00 9.701E-02 9.163E-02 
6.000E-01 3.771E-03 6.663E-02 1.274E-02 0.000E+00 0.000E+00 8.313E-02 7.936E-02 
8.000E-01 2.143E-03 5.875E-02 6.596E-03 0.000E+00 0.000E+00 6.749E-02 6.534E-02 
1.000E+00 1.379E-03 5.291E-02 4.120E-03 0.000E+00 0.000E+00 5.841E-02 5.703E-02 
1.022E+00 1.321E-03 5.234E-02 3.922E-03 0.000E+00 0.000E+00 5.759E-02 5.626E-02 
1.250E+00 8.860E-04 4.737E-02 2.645E-03 1.883E-04 0.000E+00 5.109E-02 5.021E-02 
1.500E+00 6.164E-04 4.309E-02 1.893E-03 8.713E-04 0.000E+00 4.647E-02 4.586E-02 
2.000E+00 3.476E-04 3.681E-02 1.152E-03 2.939E-03 0.000E+00 4.124E-02 4.090E-02 
2.044E+00 3.329E-04 3.635E-02 1.111E-03 3.139E-03 0.000E+00 4.094E-02 4.061E-02 
3.000E+00 1.547E-04 2.898E-02 6.112E-04 7.408E-03 1.014E-05 3.716E-02 3.701E-02 
4.000E+00 8.713E-05 2.418E-02 4.046E-04 1.136E-02 4.134E-05 3.607E-02 3.598E-02 
5.000E+00 5.576E-05 2.088E-02 2.992E-04 1.476E-02 8.229E-05 3.608E-02 3.602E-02 
6.000E+00 3.873E-05 1.846E-02 2.361E-04 1.769E-02 1.262E-04 3.655E-02 3.651E-02 
7.000E+00 2.846E-05 1.659E-02 1.944E-04 2.030E-02 1.700E-04 3.729E-02 3.726E-02 
8.000E+00 2.179E-05 1.510E-02 1.650E-04 2.265E-02 2.123E-04 3.815E-02 3.813E-02 
9.000E+00 1.722E-05 1.389E-02 1.431E-04 2.478E-02 2.528E-04 3.907E-02 3.906E-02 
1.000E+01 1.395E-05 1.286E-02 1.262E-04 2.673E-02 2.913E-04 4.002E-02 4.001E-02 
1.100E+01 1.153E-05 1.200E-02 1.129E-04 2.852E-02 3.276E-04 4.097E-02 4.096E-02 
1.200E+01 9.685E-06 1.125E-02 1.021E-04 3.019E-02 3.619E-04 4.192E-02 4.191E-02 
1.300E+01 8.252E-06 1.060E-02 9.310E-05 3.174E-02 3.942E-04 4.283E-02 4.283E-02 
1.400E+01 7.118E-06 1.003E-02 8.556E-05 3.316E-02 4.249E-04 4.371E-02 4.370E-02 
1.500E+01 6.198E-06 9.524E-03 7.915E-05 3.448E-02 4.539E-04 4.455E-02 4.454E-02 
1.600E+01 5.448E-06 9.068E-03 7.365E-05 3.571E-02 4.817E-04 4.534E-02 4.533E-02 
1.800E+01 4.305E-06 8.285E-03 6.459E-05 3.794E-02 5.324E-04 4.683E-02 4.683E-02 
2.000E+01 3.487E-06 7.640E-03 5.751E-05 3.995E-02 5.789E-04 4.823E-02 4.823E-02 
2.200E+01 2.882E-06 7.099E-03 5.182E-05 4.177E-02 6.216E-04 4.954E-02 4.954E-02 
2.400E+01 2.422E-06 6.634E-03 4.717E-05 4.342E-02 6.606E-04 5.076E-02 5.076E-02 
2.600E+01 2.063E-06 6.231E-03 4.327E-05 4.493E-02 6.966E-04 5.190E-02 5.190E-02 
2.800E+01 1.779E-06 5.875E-03 3.996E-05 4.631E-02 7.298E-04 5.295E-02 5.295E-02 
3.000E+01 1.550E-06 5.562E-03 3.712E-05 4.760E-02 7.612E-04 5.396E-02 5.396E-02 
4.000E+01 8.717E-07 4.421E-03 2.738E-05 5.272E-02 8.893E-04 5.806E-02 5.806E-02 
5.000E+01 5.581E-07 3.691E-03 2.169E-05 5.657E-02 9.866E-04 6.127E-02 6.126E-02 
6.000E+01 3.875E-07 3.180E-03 1.795E-05 5.955E-02 1.064E-03 6.382E-02 6.382E-02 
8.000E+01 2.180E-07 2.508E-03 1.335E-05 6.392E-02 1.180E-03 6.762E-02 6.762E-02 
1.000E+02 1.395E-07 2.082E-03 1.062E-05 6.705E-02 1.264E-03 7.041E-02 7.041E-02 
1.500E+02 6.198E-08 1.482E-03 7.033E-06 7.204E-02 1.404E-03 7.493E-02 7.493E-02 
2.000E+02 3.487E-08 1.162E-03 5.258E-06 7.502E-02 1.491E-03 7.768E-02 7.768E-02 
3.000E+02 1.550E-08 8.238E-04 3.493E-06 7.849E-02 1.599E-03 8.092E-02 8.092E-02 
4.000E+02 8.717E-09 6.454E-04 2.615E-06 8.048E-02 1.663E-03 8.279E-02 8.279E-02 
5.000E+02 5.581E-09 5.339E-04 2.090E-06 8.176E-02 1.707E-03 8.401E-02 8.401E-02 
6.000E+02 3.874E-09 4.573E-04 1.740E-06 8.271E-02 1.739E-03 8.491E-02 8.491E-02 
8.000E+02 2.179E-09 3.571E-04 1.304E-06 8.395E-02 1.784E-03 8.609E-02 8.609E-02 
1.000E+03 1.395E-09 2.938E-04 1.043E-06 8.475E-02 1.813E-03 8.686E-02 8.686E-02 
1.500E+03 6.198E-10 2.052E-04 6.947E-07 8.594E-02 1.857E-03 8.800E-02 8.800E-02 
2.000E+03 3.487E-10 1.588E-04 5.206E-07 8.660E-02 1.882E-03 8.864E-02 8.864E-02 
3.000E+03 1.550E-10 1.104E-04 3.471E-07 8.727E-02 1.909E-03 8.929E-02 8.929E-02 
4.000E+03 8.717E-11 8.523E-05 2.603E-07 8.765E-02 1.924E-03 8.966E-02 8.966E-02 
5.000E+03 5.581E-11 6.971E-05 2.082E-07 8.788E-02 1.934E-03 8.989E-02 8.989E-02 
6.000E+03 3.874E-11 5.908E-05 1.735E-07 8.803E-02 1.941E-03 9.003E-02 9.003E-02 
8.000E+03 2.179E-11 4.553E-05 1.301E-07 8.826E-02 1.950E-03 9.026E-02 9.026E-02 
1.000E+04 1.395E-11 3.718E-05 1.041E-07 8.841E-02 1.956E-03 9.040E-02 9.040E-02 
1.500E+04 6.198E-12 2.569E-05 6.938E-08 8.860E-02 1.963E-03 9.059E-02 9.059E-02 
2.000E+04 3.487E-12 1.975E-05 5.201E-08 8.869E-02 1.968E-03 9.068E-02 9.068E-02 
3.000E+04 1.550E-12 1.362E-05 3.468E-08 8.879E-02 1.972E-03 9.077E-02 9.077E-02 
4.000E+04 8.717E-13 1.046E-05 2.601E-08 8.883E-02 1.975E-03 9.082E-02 9.082E-02 
5.000E+04 5.581E-13 8.518E-06 2.081E-08 8.888E-02 1.976E-03 9.087E-02 9.087E-02 
6.000E+04 3.874E-13 7.199E-06 1.734E-08 8.888E-02 1.977E-03 9.087E-02 9.087E-02 
8.000E+04 2.179E-13 5.519E-06 1.301E-08 8.893E-02 1.979E-03 9.091E-02 9.091E-02 
1.000E+05 1.395E-13 4.491E-06 1.041E-08 8.893E-02 1.980E-03 9.091E-02 9.091E-02 
