Photon    Coherent Incoher. Photoel. Nuclear  Electron Tot. w/  Tot. wo/ 
Energy    Scatter. Scatter. Absorb.  Pr. Prd. Pr. Prd. Coherent Coherent 

1.000E-03 1.251E+01 3.587E-03 5.197E+03 0.000E+00 0.000E+00 5.209E+03 5.197E+03 
1.500E-03 1.201E+01 6.601E-03 2.344E+03 0.000E+00 0.000E+00 2.356E+03 2.344E+03 
2.000E-03 1.144E+01 9.620E-03 1.274E+03 0.000E+00 0.000E+00 1.285E+03 1.274E+03 
2.484E-03 1.088E+01 1.240E-02 7.900E+02 0.000E+00 0.000E+00 8.009E+02 7.900E+02 
2.484E-03 1.088E+01 1.240E-02 1.385E+03 0.000E+00 0.000E+00 1.396E+03 1.385E+03 
2.534E-03 1.082E+01 1.268E-02 1.636E+03 0.000E+00 0.000E+00 1.647E+03 1.636E+03 
2.586E-03 1.076E+01 1.297E-02 1.933E+03 0.000E+00 0.000E+00 1.944E+03 1.933E+03 
2.586E-03 1.076E+01 1.297E-02 2.439E+03 0.000E+00 0.000E+00 2.450E+03 2.439E+03 
3.000E-03 1.027E+01 1.525E-02 1.955E+03 0.000E+00 0.000E+00 1.965E+03 1.955E+03 
3.066E-03 1.019E+01 1.560E-02 1.847E+03 0.000E+00 0.000E+00 1.857E+03 1.847E+03 
3.066E-03 1.019E+01 1.560E-02 2.136E+03 0.000E+00 0.000E+00 2.146E+03 2.136E+03 
3.301E-03 9.929E+00 1.684E-02 1.782E+03 0.000E+00 0.000E+00 1.792E+03 1.782E+03 
3.554E-03 9.652E+00 1.813E-02 1.486E+03 0.000E+00 0.000E+00 1.496E+03 1.486E+03 
3.554E-03 9.652E+00 1.813E-02 1.575E+03 0.000E+00 0.000E+00 1.585E+03 1.575E+03 
3.699E-03 9.496E+00 1.887E-02 1.432E+03 0.000E+00 0.000E+00 1.441E+03 1.432E+03 
3.851E-03 9.335E+00 1.963E-02 1.302E+03 0.000E+00 0.000E+00 1.311E+03 1.302E+03 
3.851E-03 9.335E+00 1.963E-02 1.358E+03 0.000E+00 0.000E+00 1.368E+03 1.358E+03 
4.000E-03 9.179E+00 2.037E-02 1.242E+03 0.000E+00 0.000E+00 1.251E+03 1.242E+03 
5.000E-03 8.208E+00 2.516E-02 7.222E+02 0.000E+00 0.000E+00 7.305E+02 7.223E+02 
6.000E-03 7.362E+00 2.970E-02 4.598E+02 0.000E+00 0.000E+00 4.672E+02 4.598E+02 
7.000E-03 6.631E+00 3.401E-02 3.117E+02 0.000E+00 0.000E+00 3.184E+02 3.118E+02 
8.000E-03 6.002E+00 3.807E-02 2.226E+02 0.000E+00 0.000E+00 2.287E+02 2.227E+02 
1.000E-02 4.982E+00 4.540E-02 1.256E+02 0.000E+00 0.000E+00 1.306E+02 1.257E+02 
1.300E-02 3.862E+00 5.426E-02 6.354E+01 0.000E+00 0.000E+00 6.746E+01 6.360E+01 
1.304E-02 3.851E+00 5.435E-02 6.310E+01 0.000E+00 0.000E+00 6.700E+01 6.315E+01 
1.304E-02 3.851E+00 5.435E-02 1.582E+02 0.000E+00 0.000E+00 1.621E+02 1.583E+02 
1.500E-02 3.308E+00 5.920E-02 1.082E+02 0.000E+00 0.000E+00 1.116E+02 1.083E+02 
1.520E-02 3.258E+00 5.964E-02 1.045E+02 0.000E+00 0.000E+00 1.078E+02 1.045E+02 
1.520E-02 3.258E+00 5.964E-02 1.452E+02 0.000E+00 0.000E+00 1.485E+02 1.453E+02 
1.553E-02 3.180E+00 6.037E-02 1.380E+02 0.000E+00 0.000E+00 1.412E+02 1.381E+02 
1.586E-02 3.104E+00 6.112E-02 1.312E+02 0.000E+00 0.000E+00 1.344E+02 1.313E+02 
1.586E-02 3.104E+00 6.112E-02 1.517E+02 0.000E+00 0.000E+00 1.548E+02 1.517E+02 
1.600E-02 3.073E+00 6.143E-02 1.483E+02 0.000E+00 0.000E+00 1.515E+02 1.484E+02 
1.900E-02 2.494E+00 6.727E-02 9.570E+01 0.000E+00 0.000E+00 9.826E+01 9.577E+01 
2.000E-02 2.338E+00 6.897E-02 8.397E+01 0.000E+00 0.000E+00 8.637E+01 8.404E+01 
2.200E-02 2.070E+00 7.216E-02 6.532E+01 0.000E+00 0.000E+00 6.747E+01 6.540E+01 
2.500E-02 1.754E+00 7.643E-02 4.665E+01 0.000E+00 0.000E+00 4.848E+01 4.672E+01 
2.800E-02 1.511E+00 8.012E-02 3.461E+01 0.000E+00 0.000E+00 3.620E+01 3.469E+01 
3.000E-02 1.377E+00 8.228E-02 2.886E+01 0.000E+00 0.000E+00 3.032E+01 2.894E+01 
3.100E-02 1.317E+00 8.328E-02 2.643E+01 0.000E+00 0.000E+00 2.783E+01 2.651E+01 
3.400E-02 1.160E+00 8.596E-02 2.063E+01 0.000E+00 0.000E+00 2.188E+01 2.072E+01 
3.700E-02 1.030E+00 8.824E-02 1.645E+01 0.000E+00 0.000E+00 1.757E+01 1.654E+01 
4.000E-02 9.202E-01 9.019E-02 1.335E+01 0.000E+00 0.000E+00 1.436E+01 1.344E+01 
4.300E-02 8.260E-01 9.184E-02 1.097E+01 0.000E+00 0.000E+00 1.189E+01 1.107E+01 
4.600E-02 7.452E-01 9.324E-02 9.141E+00 0.000E+00 0.000E+00 9.979E+00 9.234E+00 
4.900E-02 6.756E-01 9.443E-02 7.703E+00 0.000E+00 0.000E+00 8.473E+00 7.797E+00 
5.000E-02 6.545E-01 9.478E-02 7.292E+00 0.000E+00 0.000E+00 8.042E+00 7.387E+00 
5.200E-02 6.153E-01 9.542E-02 6.552E+00 0.000E+00 0.000E+00 7.262E+00 6.647E+00 
5.500E-02 5.630E-01 9.625E-02 5.621E+00 0.000E+00 0.000E+00 6.280E+00 5.717E+00 
5.800E-02 5.173E-01 9.694E-02 4.862E+00 0.000E+00 0.000E+00 5.477E+00 4.959E+00 
6.000E-02 4.900E-01 9.734E-02 4.432E+00 0.000E+00 0.000E+00 5.020E+00 4.530E+00 
6.100E-02 4.772E-01 9.752E-02 4.236E+00 0.000E+00 0.000E+00 4.810E+00 4.333E+00 
6.400E-02 4.418E-01 9.799E-02 3.713E+00 0.000E+00 0.000E+00 4.253E+00 3.811E+00 
6.700E-02 4.104E-01 9.837E-02 3.274E+00 0.000E+00 0.000E+00 3.783E+00 3.373E+00 
7.000E-02 3.824E-01 9.867E-02 2.903E+00 0.000E+00 0.000E+00 3.384E+00 3.002E+00 
7.300E-02 3.573E-01 9.891E-02 2.587E+00 0.000E+00 0.000E+00 3.044E+00 2.686E+00 
7.600E-02 3.347E-01 9.908E-02 2.317E+00 0.000E+00 0.000E+00 2.750E+00 2.416E+00 
7.900E-02 3.142E-01 9.920E-02 2.083E+00 0.000E+00 0.000E+00 2.496E+00 2.182E+00 
8.000E-02 3.078E-01 9.923E-02 2.012E+00 0.000E+00 0.000E+00 2.419E+00 2.112E+00 
8.200E-02 2.956E-01 9.927E-02 1.880E+00 0.000E+00 0.000E+00 2.275E+00 1.979E+00 
8.500E-02 2.787E-01 9.929E-02 1.703E+00 0.000E+00 0.000E+00 2.081E+00 1.802E+00 
8.800E-02 2.632E-01 9.928E-02 1.548E+00 0.000E+00 0.000E+00 1.910E+00 1.647E+00 
8.800E-02 2.632E-01 9.928E-02 1.547E+00 0.000E+00 0.000E+00 1.910E+00 1.647E+00 
8.800E-02 2.632E-01 9.928E-02 7.321E+00 0.000E+00 0.000E+00 7.684E+00 7.421E+00 
9.100E-02 2.490E-01 9.924E-02 6.706E+00 0.000E+00 0.000E+00 7.054E+00 6.805E+00 
9.400E-02 2.360E-01 9.916E-02 6.159E+00 0.000E+00 0.000E+00 6.494E+00 6.258E+00 
9.700E-02 2.239E-01 9.906E-02 5.672E+00 0.000E+00 0.000E+00 5.995E+00 5.771E+00 
1.000E-01 2.128E-01 9.894E-02 5.237E+00 0.000E+00 0.000E+00 5.549E+00 5.336E+00 
1.030E-01 2.024E-01 9.879E-02 4.848E+00 0.000E+00 0.000E+00 5.149E+00 4.947E+00 
1.060E-01 1.927E-01 9.862E-02 4.498E+00 0.000E+00 0.000E+00 4.789E+00 4.596E+00 
1.090E-01 1.838E-01 9.843E-02 4.182E+00 0.000E+00 0.000E+00 4.464E+00 4.280E+00 
1.120E-01 1.754E-01 9.823E-02 3.896E+00 0.000E+00 0.000E+00 4.170E+00 3.994E+00 
1.150E-01 1.675E-01 9.801E-02 3.637E+00 0.000E+00 0.000E+00 3.902E+00 3.735E+00 
1.180E-01 1.602E-01 9.778E-02 3.401E+00 0.000E+00 0.000E+00 3.659E+00 3.498E+00 
1.210E-01 1.534E-01 9.754E-02 3.185E+00 0.000E+00 0.000E+00 3.436E+00 3.283E+00 
1.240E-01 1.469E-01 9.729E-02 2.988E+00 0.000E+00 0.000E+00 3.232E+00 3.085E+00 
1.270E-01 1.409E-01 9.703E-02 2.807E+00 0.000E+00 0.000E+00 3.045E+00 2.904E+00 
1.300E-01 1.352E-01 9.676E-02 2.641E+00 0.000E+00 0.000E+00 2.873E+00 2.738E+00 
1.330E-01 1.299E-01 9.649E-02 2.488E+00 0.000E+00 0.000E+00 2.715E+00 2.585E+00 
1.360E-01 1.249E-01 9.621E-02 2.347E+00 0.000E+00 0.000E+00 2.568E+00 2.444E+00 
1.390E-01 1.201E-01 9.592E-02 2.217E+00 0.000E+00 0.000E+00 2.433E+00 2.313E+00 
1.420E-01 1.157E-01 9.563E-02 2.096E+00 0.000E+00 0.000E+00 2.307E+00 2.192E+00 
1.450E-01 1.115E-01 9.534E-02 1.984E+00 0.000E+00 0.000E+00 2.191E+00 2.079E+00 
1.480E-01 1.075E-01 9.504E-02 1.880E+00 0.000E+00 0.000E+00 2.083E+00 1.975E+00 
1.500E-01 1.049E-01 9.484E-02 1.815E+00 0.000E+00 0.000E+00 2.015E+00 1.910E+00 
1.510E-01 1.037E-01 9.474E-02 1.783E+00 0.000E+00 0.000E+00 1.982E+00 1.878E+00 
1.540E-01 1.001E-01 9.443E-02 1.693E+00 0.000E+00 0.000E+00 1.888E+00 1.787E+00 
1.570E-01 9.672E-02 9.412E-02 1.609E+00 0.000E+00 0.000E+00 1.800E+00 1.703E+00 
1.600E-01 9.350E-02 9.382E-02 1.530E+00 0.000E+00 0.000E+00 1.718E+00 1.624E+00 
1.630E-01 9.044E-02 9.351E-02 1.457E+00 0.000E+00 0.000E+00 1.641E+00 1.550E+00 
1.660E-01 8.754E-02 9.319E-02 1.388E+00 0.000E+00 0.000E+00 1.569E+00 1.481E+00 
1.690E-01 8.477E-02 9.288E-02 1.324E+00 0.000E+00 0.000E+00 1.501E+00 1.417E+00 
1.720E-01 8.214E-02 9.257E-02 1.263E+00 0.000E+00 0.000E+00 1.438E+00 1.356E+00 
1.750E-01 7.963E-02 9.226E-02 1.207E+00 0.000E+00 0.000E+00 1.378E+00 1.299E+00 
1.780E-01 7.723E-02 9.194E-02 1.153E+00 0.000E+00 0.000E+00 1.322E+00 1.245E+00 
1.810E-01 7.495E-02 9.163E-02 1.103E+00 0.000E+00 0.000E+00 1.270E+00 1.195E+00 
1.840E-01 7.276E-02 9.132E-02 1.056E+00 0.000E+00 0.000E+00 1.220E+00 1.147E+00 
1.870E-01 7.067E-02 9.101E-02 1.012E+00 0.000E+00 0.000E+00 1.173E+00 1.103E+00 
1.900E-01 6.867E-02 9.070E-02 9.698E-01 0.000E+00 0.000E+00 1.129E+00 1.060E+00 
1.930E-01 6.676E-02 9.038E-02 9.302E-01 0.000E+00 0.000E+00 1.087E+00 1.021E+00 
1.960E-01 6.493E-02 9.008E-02 8.929E-01 0.000E+00 0.000E+00 1.048E+00 9.830E-01 
1.990E-01 6.317E-02 8.977E-02 8.577E-01 0.000E+00 0.000E+00 1.011E+00 9.474E-01 
2.000E-01 6.260E-02 8.966E-02 8.464E-01 0.000E+00 0.000E+00 9.986E-01 9.360E-01 
2.020E-01 6.149E-02 8.946E-02 8.243E-01 0.000E+00 0.000E+00 9.753E-01 9.138E-01 
2.050E-01 5.987E-02 8.915E-02 7.928E-01 0.000E+00 0.000E+00 9.418E-01 8.819E-01 
2.080E-01 5.832E-02 8.885E-02 7.628E-01 0.000E+00 0.000E+00 9.100E-01 8.517E-01 
2.110E-01 5.683E-02 8.854E-02 7.345E-01 0.000E+00 0.000E+00 8.799E-01 8.230E-01 
2.140E-01 5.540E-02 8.824E-02 7.076E-01 0.000E+00 0.000E+00 8.512E-01 7.958E-01 
2.170E-01 5.402E-02 8.794E-02 6.820E-01 0.000E+00 0.000E+00 8.240E-01 7.700E-01 
2.200E-01 5.269E-02 8.764E-02 6.578E-01 0.000E+00 0.000E+00 7.981E-01 7.454E-01 
2.230E-01 5.141E-02 8.734E-02 6.347E-01 0.000E+00 0.000E+00 7.735E-01 7.220E-01 
2.260E-01 5.018E-02 8.705E-02 6.127E-01 0.000E+00 0.000E+00 7.500E-01 6.998E-01 
2.290E-01 4.899E-02 8.675E-02 5.918E-01 0.000E+00 0.000E+00 7.276E-01 6.786E-01 
2.320E-01 4.785E-02 8.646E-02 5.719E-01 0.000E+00 0.000E+00 7.062E-01 6.584E-01 
2.350E-01 4.674E-02 8.617E-02 5.529E-01 0.000E+00 0.000E+00 6.858E-01 6.391E-01 
2.380E-01 4.567E-02 8.588E-02 5.348E-01 0.000E+00 0.000E+00 6.664E-01 6.207E-01 
2.410E-01 4.464E-02 8.560E-02 5.175E-01 0.000E+00 0.000E+00 6.478E-01 6.031E-01 
2.440E-01 4.365E-02 8.531E-02 5.010E-01 0.000E+00 0.000E+00 6.300E-01 5.863E-01 
2.470E-01 4.269E-02 8.503E-02 4.852E-01 0.000E+00 0.000E+00 6.130E-01 5.703E-01 
2.500E-01 4.176E-02 8.475E-02 4.701E-01 0.000E+00 0.000E+00 5.967E-01 5.549E-01 
2.530E-01 4.086E-02 8.447E-02 4.557E-01 0.000E+00 0.000E+00 5.810E-01 5.402E-01 
2.560E-01 3.999E-02 8.419E-02 4.419E-01 0.000E+00 0.000E+00 5.661E-01 5.261E-01 
2.590E-01 3.914E-02 8.392E-02 4.287E-01 0.000E+00 0.000E+00 5.517E-01 5.126E-01 
2.620E-01 3.833E-02 8.365E-02 4.160E-01 0.000E+00 0.000E+00 5.380E-01 4.996E-01 
2.650E-01 3.754E-02 8.338E-02 4.038E-01 0.000E+00 0.000E+00 5.248E-01 4.872E-01 
2.680E-01 3.677E-02 8.311E-02 3.922E-01 0.000E+00 0.000E+00 5.121E-01 4.753E-01 
2.710E-01 3.603E-02 8.284E-02 3.810E-01 0.000E+00 0.000E+00 4.999E-01 4.638E-01 
2.740E-01 3.531E-02 8.258E-02 3.703E-01 0.000E+00 0.000E+00 4.882E-01 4.528E-01 
2.770E-01 3.461E-02 8.231E-02 3.600E-01 0.000E+00 0.000E+00 4.769E-01 4.423E-01 
2.800E-01 3.393E-02 8.205E-02 3.501E-01 0.000E+00 0.000E+00 4.660E-01 4.321E-01 
2.830E-01 3.327E-02 8.179E-02 3.405E-01 0.000E+00 0.000E+00 4.556E-01 4.223E-01 
2.860E-01 3.263E-02 8.154E-02 3.314E-01 0.000E+00 0.000E+00 4.455E-01 4.129E-01 
2.890E-01 3.201E-02 8.128E-02 3.226E-01 0.000E+00 0.000E+00 4.359E-01 4.038E-01 
2.920E-01 3.141E-02 8.103E-02 3.141E-01 0.000E+00 0.000E+00 4.265E-01 3.951E-01 
2.950E-01 3.082E-02 8.078E-02 3.059E-01 0.000E+00 0.000E+00 4.175E-01 3.867E-01 
2.980E-01 3.025E-02 8.053E-02 2.981E-01 0.000E+00 0.000E+00 4.088E-01 3.786E-01 
3.000E-01 2.988E-02 8.036E-02 2.930E-01 0.000E+00 0.000E+00 4.032E-01 3.733E-01 
4.000E-01 1.746E-02 7.310E-02 1.417E-01 0.000E+00 0.000E+00 2.323E-01 2.148E-01 
5.000E-01 1.143E-02 6.734E-02 8.257E-02 0.000E+00 0.000E+00 1.613E-01 1.499E-01 