Photon    Coherent Incoher. Photoel. Nuclear  Electron Tot. w/  Tot. wo/ 
Energy    Scatter. Scatter. Absorb.  Pr. Prd. Pr. Prd. Coherent Coherent 

1.000E-03 1.332E+00 1.348E-02 3.718E+03 0.000E+00 0.000E+00 3.719E+03 3.718E+03 
1.000E-03 1.332E+00 1.348E-02 3.718E+03 0.000E+00 0.000E+00 3.719E+03 3.718E+03 
1.072E-03 1.316E+00 1.525E-02 3.087E+03 0.000E+00 0.000E+00 3.089E+03 3.087E+03 
1.072E-03 1.316E+00 1.525E-02 3.093E+03 0.000E+00 0.000E+00 3.094E+03 3.093E+03 
1.500E-03 1.225E+00 2.717E-02 1.249E+03 0.000E+00 0.000E+00 1.250E+03 1.249E+03 
2.000E-03 1.104E+00 4.233E-02 5.583E+02 0.000E+00 0.000E+00 5.594E+02 5.583E+02 
2.145E-03 1.067E+00 4.674E-02 4.570E+02 0.000E+00 0.000E+00 4.582E+02 4.571E+02 
2.145E-03 1.067E+00 4.674E-02 4.615E+02 0.000E+00 0.000E+00 4.626E+02 4.615E+02 
2.303E-03 1.028E+00 5.147E-02 3.769E+02 0.000E+00 0.000E+00 3.780E+02 3.770E+02 
2.472E-03 9.871E-01 5.644E-02 3.075E+02 0.000E+00 0.000E+00 3.085E+02 3.076E+02 
2.472E-03 9.871E-01 5.644E-02 3.131E+02 0.000E+00 0.000E+00 3.141E+02 3.131E+02 
2.641E-03 9.468E-01 6.131E-02 2.587E+02 0.000E+00 0.000E+00 2.597E+02 2.588E+02 
2.822E-03 9.050E-01 6.634E-02 2.136E+02 0.000E+00 0.000E+00 2.146E+02 2.137E+02 
2.822E-03 9.050E-01 6.634E-02 2.151E+02 0.000E+00 0.000E+00 2.161E+02 2.151E+02 
3.000E-03 8.654E-01 7.110E-02 1.802E+02 0.000E+00 0.000E+00 1.812E+02 1.803E+02 
3.607E-03 7.418E-01 8.593E-02 1.049E+02 0.000E+00 0.000E+00 1.057E+02 1.050E+02 
3.607E-03 7.418E-01 8.593E-02 1.092E+02 0.000E+00 0.000E+00 1.100E+02 1.093E+02 
4.000E-03 6.724E-01 9.433E-02 8.049E+01 0.000E+00 0.000E+00 8.126E+01 8.059E+01 
5.000E-03 5.299E-01 1.119E-01 4.142E+01 0.000E+00 0.000E+00 4.206E+01 4.153E+01 
6.000E-03 4.276E-01 1.250E-01 2.390E+01 0.000E+00 0.000E+00 2.446E+01 2.403E+01 
7.000E-03 3.530E-01 1.349E-01 1.495E+01 0.000E+00 0.000E+00 1.544E+01 1.509E+01 
8.000E-03 2.976E-01 1.426E-01 9.931E+00 0.000E+00 0.000E+00 1.037E+01 1.007E+01 
9.000E-03 2.555E-01 1.486E-01 6.906E+00 0.000E+00 0.000E+00 7.310E+00 7.055E+00 
1.000E-02 2.227E-01 1.534E-01 4.981E+00 0.000E+00 0.000E+00 5.357E+00 5.135E+00 
1.100E-02 1.965E-01 1.574E-01 3.701E+00 0.000E+00 0.000E+00 4.055E+00 3.858E+00 
1.300E-02 1.574E-01 1.637E-01 2.192E+00 0.000E+00 0.000E+00 2.513E+00 2.355E+00 
1.500E-02 1.296E-01 1.684E-01 1.395E+00 0.000E+00 0.000E+00 1.693E+00 1.564E+00 
1.700E-02 1.089E-01 1.720E-01 9.380E-01 0.000E+00 0.000E+00 1.219E+00 1.110E+00 
1.900E-02 9.282E-02 1.748E-01 6.581E-01 0.000E+00 0.000E+00 9.257E-01 8.329E-01 
2.000E-02 8.608E-02 1.759E-01 5.586E-01 0.000E+00 0.000E+00 8.206E-01 7.345E-01 
2.100E-02 8.004E-02 1.770E-01 4.778E-01 0.000E+00 0.000E+00 7.348E-01 6.548E-01 
2.300E-02 6.967E-02 1.786E-01 3.568E-01 0.000E+00 0.000E+00 6.051E-01 5.354E-01 
2.500E-02 6.116E-02 1.798E-01 2.728E-01 0.000E+00 0.000E+00 5.138E-01 4.526E-01 
2.700E-02 5.408E-02 1.807E-01 2.128E-01 0.000E+00 0.000E+00 4.475E-01 3.935E-01 
2.900E-02 4.814E-02 1.812E-01 1.689E-01 0.000E+00 0.000E+00 3.983E-01 3.501E-01 
3.000E-02 4.553E-02 1.814E-01 1.513E-01 0.000E+00 0.000E+00 3.783E-01 3.328E-01 
3.100E-02 4.311E-02 1.816E-01 1.361E-01 0.000E+00 0.000E+00 3.608E-01 3.177E-01 
3.300E-02 3.882E-02 1.818E-01 1.111E-01 0.000E+00 0.000E+00 3.317E-01 2.929E-01 
3.500E-02 3.512E-02 1.818E-01 9.177E-02 0.000E+00 0.000E+00 3.087E-01 2.735E-01 
3.700E-02 3.192E-02 1.816E-01 7.660E-02 0.000E+00 0.000E+00 2.902E-01 2.582E-01 
3.900E-02 2.914E-02 1.814E-01 6.453E-02 0.000E+00 0.000E+00 2.751E-01 2.459E-01 
4.000E-02 2.789E-02 1.812E-01 5.942E-02 0.000E+00 0.000E+00 2.685E-01 2.407E-01 
4.100E-02 2.671E-02 1.811E-01 5.482E-02 0.000E+00 0.000E+00 2.626E-01 2.359E-01 
4.300E-02 2.457E-02 1.807E-01 4.693E-02 0.000E+00 0.000E+00 2.522E-01 2.276E-01 
4.500E-02 2.267E-02 1.802E-01 4.046E-02 0.000E+00 0.000E+00 2.433E-01 2.206E-01 
4.700E-02 2.099E-02 1.797E-01 3.510E-02 0.000E+00 0.000E+00 2.357E-01 2.148E-01 
4.900E-02 1.948E-02 1.791E-01 3.063E-02 0.000E+00 0.000E+00 2.292E-01 2.097E-01 
5.000E-02 1.879E-02 1.788E-01 2.867E-02 0.000E+00 0.000E+00 2.263E-01 2.075E-01 
5.100E-02 1.813E-02 1.785E-01 2.687E-02 0.000E+00 0.000E+00 2.235E-01 2.054E-01 
5.300E-02 1.692E-02 1.779E-01 2.369E-02 0.000E+00 0.000E+00 2.185E-01 2.015E-01 
5.500E-02 1.583E-02 1.772E-01 2.098E-02 0.000E+00 0.000E+00 2.140E-01 1.982E-01 
5.700E-02 1.483E-02 1.765E-01 1.866E-02 0.000E+00 0.000E+00 2.100E-01 1.952E-01 
5.900E-02 1.393E-02 1.758E-01 1.667E-02 0.000E+00 0.000E+00 2.064E-01 1.925E-01 
6.000E-02 1.351E-02 1.755E-01 1.577E-02 0.000E+00 0.000E+00 2.048E-01 1.913E-01 
6.100E-02 1.311E-02 1.751E-01 1.494E-02 0.000E+00 0.000E+00 2.032E-01 1.901E-01 
6.300E-02 1.235E-02 1.744E-01 1.344E-02 0.000E+00 0.000E+00 2.002E-01 1.879E-01 
6.500E-02 1.166E-02 1.737E-01 1.213E-02 0.000E+00 0.000E+00 1.975E-01 1.858E-01 
6.700E-02 1.103E-02 1.730E-01 1.098E-02 0.000E+00 0.000E+00 1.950E-01 1.840E-01 
6.900E-02 1.044E-02 1.723E-01 9.972E-03 0.000E+00 0.000E+00 1.927E-01 1.822E-01 
7.100E-02 9.905E-03 1.715E-01 9.079E-03 0.000E+00 0.000E+00 1.905E-01 1.806E-01 
7.300E-02 9.405E-03 1.708E-01 8.288E-03 0.000E+00 0.000E+00 1.885E-01 1.791E-01 
7.500E-02 8.943E-03 1.701E-01 7.585E-03 0.000E+00 0.000E+00 1.866E-01 1.776E-01 
7.700E-02 8.513E-03 1.693E-01 6.957E-03 0.000E+00 0.000E+00 1.848E-01 1.763E-01 
7.900E-02 8.113E-03 1.686E-01 6.396E-03 0.000E+00 0.000E+00 1.831E-01 1.750E-01 
8.000E-02 7.924E-03 1.682E-01 6.137E-03 0.000E+00 0.000E+00 1.823E-01 1.744E-01 
8.100E-02 7.741E-03 1.679E-01 5.892E-03 0.000E+00 0.000E+00 1.815E-01 1.738E-01 
8.300E-02 7.394E-03 1.671E-01 5.439E-03 0.000E+00 0.000E+00 1.800E-01 1.726E-01 
8.500E-02 7.069E-03 1.664E-01 5.030E-03 0.000E+00 0.000E+00 1.785E-01 1.714E-01 
8.700E-02 6.765E-03 1.657E-01 4.661E-03 0.000E+00 0.000E+00 1.771E-01 1.704E-01 
8.900E-02 6.480E-03 1.650E-01 4.326E-03 0.000E+00 0.000E+00 1.758E-01 1.693E-01 
9.100E-02 6.212E-03 1.643E-01 4.022E-03 0.000E+00 0.000E+00 1.745E-01 1.683E-01 
9.300E-02 5.961E-03 1.636E-01 3.745E-03 0.000E+00 0.000E+00 1.733E-01 1.673E-01 
9.500E-02 5.724E-03 1.629E-01 3.493E-03 0.000E+00 0.000E+00 1.721E-01 1.664E-01 
9.700E-02 5.502E-03 1.622E-01 3.262E-03 0.000E+00 0.000E+00 1.710E-01 1.655E-01 
9.900E-02 5.291E-03 1.615E-01 3.051E-03 0.000E+00 0.000E+00 1.698E-01 1.646E-01 
1.000E-01 5.191E-03 1.612E-01 2.952E-03 0.000E+00 0.000E+00 1.693E-01 1.641E-01 
1.010E-01 5.093E-03 1.608E-01 2.858E-03 0.000E+00 0.000E+00 1.688E-01 1.637E-01 
1.030E-01 4.905E-03 1.601E-01 2.680E-03 0.000E+00 0.000E+00 1.677E-01 1.628E-01 
1.050E-01 4.728E-03 1.595E-01 2.516E-03 0.000E+00 0.000E+00 1.667E-01 1.620E-01 
1.070E-01 4.560E-03 1.588E-01 2.366E-03 0.000E+00 0.000E+00 1.657E-01 1.612E-01 
1.090E-01 4.400E-03 1.582E-01 2.227E-03 0.000E+00 0.000E+00 1.648E-01 1.604E-01 
1.110E-01 4.249E-03 1.575E-01 2.098E-03 0.000E+00 0.000E+00 1.639E-01 1.596E-01 
1.130E-01 4.106E-03 1.569E-01 1.979E-03 0.000E+00 0.000E+00 1.630E-01 1.588E-01 
1.150E-01 3.969E-03 1.562E-01 1.869E-03 0.000E+00 0.000E+00 1.621E-01 1.581E-01 
1.170E-01 3.839E-03 1.556E-01 1.766E-03 0.000E+00 0.000E+00 1.612E-01 1.574E-01 
1.190E-01 3.716E-03 1.550E-01 1.671E-03 0.000E+00 0.000E+00 1.604E-01 1.566E-01 
1.210E-01 3.598E-03 1.544E-01 1.583E-03 0.000E+00 0.000E+00 1.595E-01 1.559E-01 
1.230E-01 3.486E-03 1.537E-01 1.500E-03 0.000E+00 0.000E+00 1.587E-01 1.552E-01 
1.250E-01 3.379E-03 1.531E-01 1.424E-03 0.000E+00 0.000E+00 1.579E-01 1.546E-01 
1.270E-01 3.276E-03 1.525E-01 1.352E-03 0.000E+00 0.000E+00 1.572E-01 1.539E-01 
1.290E-01 3.178E-03 1.519E-01 1.285E-03 0.000E+00 0.000E+00 1.564E-01 1.532E-01 
1.310E-01 3.085E-03 1.513E-01 1.222E-03 0.000E+00 0.000E+00 1.557E-01 1.526E-01 
1.330E-01 2.995E-03 1.508E-01 1.163E-03 0.000E+00 0.000E+00 1.549E-01 1.519E-01 
1.350E-01 2.910E-03 1.502E-01 1.108E-03 0.000E+00 0.000E+00 1.542E-01 1.513E-01 
1.370E-01 2.828E-03 1.496E-01 1.056E-03 0.000E+00 0.000E+00 1.535E-01 1.507E-01 
1.390E-01 2.749E-03 1.490E-01 1.008E-03 0.000E+00 0.000E+00 1.528E-01 1.500E-01 
1.410E-01 2.674E-03 1.485E-01 9.620E-04 0.000E+00 0.000E+00 1.521E-01 1.494E-01 
1.430E-01 2.601E-03 1.479E-01 9.190E-04 0.000E+00 0.000E+00 1.514E-01 1.488E-01 
1.450E-01 2.532E-03 1.474E-01 8.786E-04 0.000E+00 0.000E+00 1.508E-01 1.482E-01 
1.470E-01 2.465E-03 1.468E-01 8.404E-04 0.000E+00 0.000E+00 1.501E-01 1.477E-01 
1.490E-01 2.401E-03 1.463E-01 8.044E-04 0.000E+00 0.000E+00 1.495E-01 1.471E-01 
1.500E-01 2.370E-03 1.460E-01 7.872E-04 0.000E+00 0.000E+00 1.492E-01 1.468E-01 
1.510E-01 2.339E-03 1.457E-01 7.704E-04 0.000E+00 0.000E+00 1.489E-01 1.465E-01 
1.530E-01 2.280E-03 1.452E-01 7.383E-04 0.000E+00 0.000E+00 1.482E-01 1.460E-01 
1.550E-01 2.222E-03 1.447E-01 7.079E-04 0.000E+00 0.000E+00 1.476E-01 1.454E-01 
1.570E-01 2.167E-03 1.442E-01 6.792E-04 0.000E+00 0.000E+00 1.470E-01 1.449E-01 
1.590E-01 2.114E-03 1.437E-01 6.520E-04 0.000E+00 0.000E+00 1.464E-01 1.443E-01 
1.610E-01 2.063E-03 1.431E-01 6.262E-04 0.000E+00 0.000E+00 1.458E-01 1.438E-01 
1.630E-01 2.014E-03 1.426E-01 6.017E-04 0.000E+00 0.000E+00 1.453E-01 1.432E-01 
1.650E-01 1.966E-03 1.421E-01 5.785E-04 0.000E+00 0.000E+00 1.447E-01 1.427E-01 
1.670E-01 1.920E-03 1.416E-01 5.565E-04 0.000E+00 0.000E+00 1.441E-01 1.422E-01 
1.690E-01 1.876E-03 1.412E-01 5.356E-04 0.000E+00 0.000E+00 1.436E-01 1.417E-01 
1.710E-01 1.833E-03 1.407E-01 5.157E-04 0.000E+00 0.000E+00 1.430E-01 1.412E-01 
1.730E-01 1.792E-03 1.402E-01 4.968E-04 0.000E+00 0.000E+00 1.425E-01 1.407E-01 
1.750E-01 1.752E-03 1.397E-01 4.788E-04 0.000E+00 0.000E+00 1.419E-01 1.402E-01 
1.770E-01 1.713E-03 1.392E-01 4.616E-04 0.000E+00 0.000E+00 1.414E-01 1.397E-01 
1.790E-01 1.676E-03 1.388E-01 4.453E-04 0.000E+00 0.000E+00 1.409E-01 1.392E-01 
1.810E-01 1.639E-03 1.383E-01 4.297E-04 0.000E+00 0.000E+00 1.404E-01 1.387E-01 
1.830E-01 1.604E-03 1.378E-01 4.149E-04 0.000E+00 0.000E+00 1.399E-01 1.383E-01 
1.850E-01 1.570E-03 1.374E-01 4.007E-04 0.000E+00 0.000E+00 1.394E-01 1.378E-01 
1.870E-01 1.537E-03 1.369E-01 3.872E-04 0.000E+00 0.000E+00 1.389E-01 1.373E-01 
1.890E-01 1.506E-03 1.365E-01 3.742E-04 0.000E+00 0.000E+00 1.384E-01 1.369E-01 
1.910E-01 1.475E-03 1.361E-01 3.619E-04 0.000E+00 0.000E+00 1.379E-01 1.364E-01 
1.930E-01 1.445E-03 1.356E-01 3.500E-04 0.000E+00 0.000E+00 1.374E-01 1.360E-01 
1.950E-01 1.416E-03 1.352E-01 3.387E-04 0.000E+00 0.000E+00 1.369E-01 1.355E-01 
1.970E-01 1.387E-03 1.348E-01 3.279E-04 0.000E+00 0.000E+00 1.365E-01 1.351E-01 
1.990E-01 1.360E-03 1.343E-01 3.176E-04 0.000E+00 0.000E+00 1.360E-01 1.346E-01 
2.000E-01 1.347E-03 1.341E-01 3.125E-04 0.000E+00 0.000E+00 1.358E-01 1.344E-01 
3.000E-01 6.033E-04 1.169E-01 8.880E-05 0.000E+00 0.000E+00 1.176E-01 1.170E-01 
4.000E-01 3.403E-04 1.048E-01 3.813E-05 0.000E+00 0.000E+00 1.052E-01 1.048E-01 
5.000E-01 2.181E-04 9.575E-02 2.060E-05 0.000E+00 0.000E+00 9.598E-02 9.577E-02 
6.000E-01 1.516E-04 8.858E-02 1.284E-05 0.000E+00 0.000E+00 8.874E-02 8.859E-02 
8.000E-01 8.534E-05 7.784E-02 6.487E-06 0.000E+00 0.000E+00 7.793E-02 7.785E-02 
1.000E+00 5.463E-05 7.001E-02 4.033E-06 0.000E+00 0.000E+00 7.007E-02 7.001E-02 
1.022E+00 5.231E-05 6.927E-02 3.767E-06 0.000E+00 0.000E+00 6.933E-02 6.928E-02 
1.250E+00 3.498E-05 6.260E-02 2.557E-06 1.736E-05 0.000E+00 6.265E-02 6.262E-02 
1.500E+00 2.429E-05 5.689E-02 1.854E-06 9.592E-05 0.000E+00 5.702E-02 5.699E-02 
2.000E+00 1.366E-05 4.856E-02 1.163E-06 3.817E-04 0.000E+00 4.896E-02 4.894E-02 
2.044E+00 1.308E-05 4.795E-02 1.125E-06 4.113E-04 0.000E+00 4.837E-02 4.836E-02 
3.000E+00 6.074E-06 3.820E-02 6.478E-07 1.091E-03 1.336E-05 3.931E-02 3.930E-02 
4.000E+00 3.417E-06 3.186E-02 4.437E-07 1.769E-03 5.456E-05 3.369E-02 3.369E-02 
5.000E+00 2.186E-06 2.752E-02 3.360E-07 2.374E-03 1.087E-04 3.000E-02 3.000E-02 
6.000E+00 1.518E-06 2.432E-02 2.698E-07 2.917E-03 1.670E-04 2.741E-02 2.740E-02 
7.000E+00 1.116E-06 2.186E-02 2.253E-07 3.400E-03 2.252E-04 2.549E-02 2.549E-02 
8.000E+00 8.541E-07 1.989E-02 1.932E-07 3.835E-03 2.817E-04 2.401E-02 2.401E-02 
9.000E+00 6.749E-07 1.829E-02 1.691E-07 4.232E-03 3.358E-04 2.286E-02 2.286E-02 
1.000E+01 5.467E-07 1.695E-02 1.503E-07 4.590E-03 3.874E-04 2.192E-02 2.192E-02 
1.100E+01 4.517E-07 1.580E-02 1.352E-07 4.917E-03 4.364E-04 2.116E-02 2.116E-02 
1.200E+01 3.796E-07 1.482E-02 1.229E-07 5.216E-03 4.828E-04 2.052E-02 2.052E-02 
1.300E+01 3.235E-07 1.396E-02 1.126E-07 5.496E-03 5.266E-04 1.998E-02 1.998E-02 
1.400E+01 2.789E-07 1.321E-02 1.039E-07 5.755E-03 5.684E-04 1.953E-02 1.953E-02 
1.500E+01 2.429E-07 1.254E-02 9.643E-08 5.998E-03 6.079E-04 1.915E-02 1.915E-02 
1.600E+01 2.135E-07 1.194E-02 8.997E-08 6.227E-03 6.459E-04 1.882E-02 1.882E-02 
1.800E+01 1.687E-07 1.091E-02 7.934E-08 6.645E-03 7.164E-04 1.828E-02 1.828E-02 
2.000E+01 1.366E-07 1.006E-02 7.094E-08 7.019E-03 7.807E-04 1.787E-02 1.786E-02 
2.200E+01 1.130E-07 9.349E-03 6.416E-08 7.360E-03 8.403E-04 1.755E-02 1.755E-02 
2.400E+01 9.490E-08 8.737E-03 5.854E-08 7.670E-03 8.951E-04 1.730E-02 1.730E-02 
2.600E+01 8.087E-08 8.203E-03 5.384E-08 7.954E-03 9.462E-04 1.710E-02 1.710E-02 
2.800E+01 6.971E-08 7.738E-03 4.982E-08 8.217E-03 9.939E-04 1.695E-02 1.695E-02 
3.000E+01 6.074E-08 7.328E-03 4.638E-08 8.460E-03 1.038E-03 1.683E-02 1.683E-02 
4.000E+01 3.417E-08 5.822E-03 3.444E-08 9.451E-03 1.226E-03 1.650E-02 1.650E-02 
5.000E+01 2.186E-08 4.861E-03 2.739E-08 1.021E-02 1.373E-03 1.644E-02 1.644E-02 
6.000E+01 1.518E-08 4.186E-03 2.274E-08 1.080E-02 1.492E-03 1.648E-02 1.648E-02 
8.000E+01 8.541E-09 3.303E-03 1.697E-08 1.171E-02 1.677E-03 1.669E-02 1.669E-02 
1.000E+02 5.466E-09 2.741E-03 1.353E-08 1.237E-02 1.818E-03 1.693E-02 1.693E-02 
1.500E+02 2.429E-09 1.952E-03 8.985E-09 1.348E-02 2.062E-03 1.749E-02 1.749E-02 
2.000E+02 1.366E-09 1.531E-03 6.727E-09 1.416E-02 2.223E-03 1.792E-02 1.792E-02 
3.000E+02 6.073E-10 1.085E-03 4.474E-09 1.498E-02 2.431E-03 1.850E-02 1.850E-02 
4.000E+02 3.417E-10 8.496E-04 3.353E-09 1.547E-02 2.561E-03 1.888E-02 1.888E-02 
5.000E+02 2.186E-10 7.034E-04 2.681E-09 1.579E-02 2.651E-03 1.914E-02 1.914E-02 
6.000E+02 1.518E-10 6.023E-04 2.233E-09 1.602E-02 2.719E-03 1.934E-02 1.934E-02 
8.000E+02 8.541E-11 4.703E-04 1.674E-09 1.633E-02 2.814E-03 1.961E-02 1.961E-02 
1.000E+03 5.466E-11 3.869E-04 1.339E-09 1.653E-02 2.878E-03 1.980E-02 1.980E-02 
1.500E+03 2.429E-11 2.702E-04 8.921E-10 1.683E-02 2.974E-03 2.008E-02 2.008E-02 
2.000E+03 1.366E-11 2.092E-04 6.690E-10 1.699E-02 3.029E-03 2.023E-02 2.023E-02 
3.000E+03 6.073E-12 1.454E-04 4.459E-10 1.717E-02 3.090E-03 2.041E-02 2.041E-02 
4.000E+03 3.417E-12 1.122E-04 3.344E-10 1.727E-02 3.125E-03 2.050E-02 2.050E-02 
5.000E+03 2.186E-12 9.179E-05 2.675E-10 1.733E-02 3.147E-03 2.057E-02 2.057E-02 
6.000E+03 1.518E-12 7.784E-05 2.229E-10 1.737E-02 3.163E-03 2.061E-02 2.061E-02 
8.000E+03 8.541E-13 5.995E-05 1.672E-10 1.742E-02 3.183E-03 2.067E-02 2.067E-02 
1.000E+04 5.466E-13 4.894E-05 1.337E-10 1.746E-02 3.197E-03 2.070E-02 2.070E-02 
1.500E+04 2.429E-13 3.383E-05 8.914E-11 1.751E-02 3.215E-03 2.076E-02 2.076E-02 
2.000E+04 1.366E-13 2.601E-05 6.686E-11 1.753E-02 3.225E-03 2.079E-02 2.079E-02 
3.000E+04 6.073E-14 1.794E-05 4.458E-11 1.756E-02 3.235E-03 2.081E-02 2.081E-02 
4.000E+04 3.417E-14 1.377E-05 3.343E-11 1.758E-02 3.242E-03 2.083E-02 2.083E-02 
5.000E+04 2.186E-14 1.122E-05 2.674E-11 1.758E-02 3.245E-03 2.084E-02 2.084E-02 
6.000E+04 1.518E-14 9.480E-06 2.229E-11 1.759E-02 3.248E-03 2.085E-02 2.085E-02 
8.000E+04 8.541E-15 7.270E-06 1.671E-11 1.760E-02 3.250E-03 2.086E-02 2.086E-02 
1.000E+05 5.466E-15 5.912E-06 1.337E-11 1.760E-02 3.253E-03 2.086E-02 2.086E-02 