Photon    Coherent Incoher. Photoel. Nuclear  Electron Tot. w/  Tot. wo/ 
Energy    Scatter. Scatter. Absorb.  Pr. Prd. Pr. Prd. Coherent Coherent 

1.000E-03 1.099E+00 1.600E-02 2.513E+03 0.000E+00 0.000E+00 2.514E+03 2.513E+03 
1.000E-03 1.099E+00 1.600E-02 2.513E+03 0.000E+00 0.000E+00 2.514E+03 2.513E+03 
1.072E-03 1.082E+00 1.806E-02 2.076E+03 0.000E+00 0.000E+00 2.077E+03 2.076E+03 
1.072E-03 1.082E+00 1.806E-02 2.081E+03 0.000E+00 0.000E+00 2.083E+03 2.081E+03 
1.500E-03 9.886E-01 3.178E-02 8.206E+02 0.000E+00 0.000E+00 8.217E+02 8.207E+02 
2.000E-03 8.698E-01 4.880E-02 3.603E+02 0.000E+00 0.000E+00 3.612E+02 3.603E+02 
2.472E-03 7.623E-01 6.422E-02 1.941E+02 0.000E+00 0.000E+00 1.949E+02 1.942E+02 
2.472E-03 7.623E-01 6.422E-02 1.960E+02 0.000E+00 0.000E+00 1.968E+02 1.960E+02 
2.641E-03 7.265E-01 6.944E-02 1.613E+02 0.000E+00 0.000E+00 1.621E+02 1.613E+02 
2.822E-03 6.900E-01 7.480E-02 1.326E+02 0.000E+00 0.000E+00 1.334E+02 1.327E+02 
2.822E-03 6.900E-01 7.480E-02 1.341E+02 0.000E+00 0.000E+00 1.348E+02 1.341E+02 
3.000E-03 6.561E-01 7.983E-02 1.120E+02 0.000E+00 0.000E+00 1.127E+02 1.121E+02 
4.000E-03 4.990E-01 1.037E-01 4.729E+01 0.000E+00 0.000E+00 4.790E+01 4.740E+01 
5.000E-03 3.906E-01 1.208E-01 2.399E+01 0.000E+00 0.000E+00 2.450E+01 2.411E+01 
6.000E-03 3.157E-01 1.331E-01 1.369E+01 0.000E+00 0.000E+00 1.414E+01 1.382E+01 
7.000E-03 2.624E-01 1.422E-01 8.486E+00 0.000E+00 0.000E+00 8.891E+00 8.628E+00 
8.000E-03 2.231E-01 1.492E-01 5.592E+00 0.000E+00 0.000E+00 5.964E+00 5.741E+00 
9.000E-03 1.933E-01 1.548E-01 3.862E+00 0.000E+00 0.000E+00 4.210E+00 4.016E+00 
1.000E-02 1.698E-01 1.594E-01 2.769E+00 0.000E+00 0.000E+00 3.098E+00 2.928E+00 
1.100E-02 1.508E-01 1.633E-01 2.046E+00 0.000E+00 0.000E+00 2.360E+00 2.210E+00 
1.300E-02 1.218E-01 1.695E-01 1.201E+00 0.000E+00 0.000E+00 1.493E+00 1.371E+00 
1.500E-02 1.007E-01 1.741E-01 7.592E-01 0.000E+00 0.000E+00 1.034E+00 9.334E-01 
1.700E-02 8.455E-02 1.777E-01 5.072E-01 0.000E+00 0.000E+00 7.695E-01 6.849E-01 
1.900E-02 7.194E-02 1.804E-01 3.539E-01 0.000E+00 0.000E+00 6.063E-01 5.344E-01 
2.000E-02 6.663E-02 1.815E-01 2.997E-01 0.000E+00 0.000E+00 5.478E-01 4.812E-01 
2.100E-02 6.187E-02 1.825E-01 2.558E-01 0.000E+00 0.000E+00 5.001E-01 4.382E-01 
2.300E-02 5.371E-02 1.839E-01 1.902E-01 0.000E+00 0.000E+00 4.278E-01 3.741E-01 
2.500E-02 4.703E-02 1.849E-01 1.449E-01 0.000E+00 0.000E+00 3.769E-01 3.299E-01 
2.700E-02 4.149E-02 1.856E-01 1.127E-01 0.000E+00 0.000E+00 3.398E-01 2.983E-01 
2.900E-02 3.686E-02 1.860E-01 8.917E-02 0.000E+00 0.000E+00 3.120E-01 2.752E-01 
3.000E-02 3.483E-02 1.861E-01 7.979E-02 0.000E+00 0.000E+00 3.007E-01 2.659E-01 
3.100E-02 3.296E-02 1.862E-01 7.165E-02 0.000E+00 0.000E+00 2.908E-01 2.578E-01 
3.300E-02 2.964E-02 1.861E-01 5.835E-02 0.000E+00 0.000E+00 2.741E-01 2.445E-01 
3.500E-02 2.679E-02 1.860E-01 4.809E-02 0.000E+00 0.000E+00 2.609E-01 2.341E-01 
3.700E-02 2.433E-02 1.857E-01 4.005E-02 0.000E+00 0.000E+00 2.501E-01 2.258E-01 
3.900E-02 2.219E-02 1.853E-01 3.367E-02 0.000E+00 0.000E+00 2.412E-01 2.190E-01 
4.000E-02 2.122E-02 1.851E-01 3.098E-02 0.000E+00 0.000E+00 2.373E-01 2.161E-01 
4.100E-02 2.032E-02 1.849E-01 2.855E-02 0.000E+00 0.000E+00 2.337E-01 2.134E-01 
4.300E-02 1.868E-02 1.843E-01 2.440E-02 0.000E+00 0.000E+00 2.274E-01 2.087E-01 
4.500E-02 1.722E-02 1.838E-01 2.100E-02 0.000E+00 0.000E+00 2.220E-01 2.048E-01 
4.700E-02 1.593E-02 1.831E-01 1.819E-02 0.000E+00 0.000E+00 2.173E-01 2.013E-01 
4.900E-02 1.478E-02 1.825E-01 1.585E-02 0.000E+00 0.000E+00 2.131E-01 1.983E-01 
5.000E-02 1.425E-02 1.821E-01 1.483E-02 0.000E+00 0.000E+00 2.112E-01 1.970E-01 
5.100E-02 1.375E-02 1.818E-01 1.389E-02 0.000E+00 0.000E+00 2.094E-01 1.957E-01 
5.300E-02 1.282E-02 1.811E-01 1.223E-02 0.000E+00 0.000E+00 2.061E-01 1.933E-01 
5.500E-02 1.198E-02 1.804E-01 1.082E-02 0.000E+00 0.000E+00 2.032E-01 1.912E-01 
5.700E-02 1.122E-02 1.796E-01 9.610E-03 0.000E+00 0.000E+00 2.004E-01 1.892E-01 
5.900E-02 1.053E-02 1.789E-01 8.572E-03 0.000E+00 0.000E+00 1.980E-01 1.874E-01 
6.000E-02 1.021E-02 1.785E-01 8.108E-03 0.000E+00 0.000E+00 1.968E-01 1.866E-01 
6.100E-02 9.906E-03 1.781E-01 7.676E-03 0.000E+00 0.000E+00 1.957E-01 1.858E-01 
6.300E-02 9.332E-03 1.773E-01 6.898E-03 0.000E+00 0.000E+00 1.936E-01 1.842E-01 
6.500E-02 8.806E-03 1.766E-01 6.220E-03 0.000E+00 0.000E+00 1.916E-01 1.828E-01 
6.700E-02 8.323E-03 1.758E-01 5.626E-03 0.000E+00 0.000E+00 1.897E-01 1.814E-01 
6.900E-02 7.878E-03 1.750E-01 5.103E-03 0.000E+00 0.000E+00 1.880E-01 1.801E-01 
7.100E-02 7.468E-03 1.742E-01 4.643E-03 0.000E+00 0.000E+00 1.863E-01 1.789E-01 
7.300E-02 7.089E-03 1.735E-01 4.234E-03 0.000E+00 0.000E+00 1.848E-01 1.777E-01 
7.500E-02 6.737E-03 1.727E-01 3.872E-03 0.000E+00 0.000E+00 1.833E-01 1.766E-01 
7.700E-02 6.411E-03 1.719E-01 3.549E-03 0.000E+00 0.000E+00 1.819E-01 1.755E-01 
7.900E-02 6.107E-03 1.712E-01 3.260E-03 0.000E+00 0.000E+00 1.805E-01 1.744E-01 
8.000E-02 5.964E-03 1.708E-01 3.127E-03 0.000E+00 0.000E+00 1.799E-01 1.739E-01 
8.100E-02 5.825E-03 1.704E-01 3.001E-03 0.000E+00 0.000E+00 1.792E-01 1.734E-01 
8.300E-02 5.561E-03 1.696E-01 2.768E-03 0.000E+00 0.000E+00 1.780E-01 1.724E-01 
8.500E-02 5.315E-03 1.689E-01 2.558E-03 0.000E+00 0.000E+00 1.768E-01 1.714E-01 
8.700E-02 5.084E-03 1.681E-01 2.369E-03 0.000E+00 0.000E+00 1.756E-01 1.705E-01 
8.900E-02 4.868E-03 1.674E-01 2.197E-03 0.000E+00 0.000E+00 1.745E-01 1.696E-01 
9.100E-02 4.666E-03 1.667E-01 2.041E-03 0.000E+00 0.000E+00 1.734E-01 1.687E-01 
9.300E-02 4.475E-03 1.659E-01 1.900E-03 0.000E+00 0.000E+00 1.723E-01 1.678E-01 
9.500E-02 4.296E-03 1.652E-01 1.771E-03 0.000E+00 0.000E+00 1.713E-01 1.670E-01 
9.700E-02 4.128E-03 1.645E-01 1.653E-03 0.000E+00 0.000E+00 1.703E-01 1.661E-01 
9.900E-02 3.969E-03 1.638E-01 1.545E-03 0.000E+00 0.000E+00 1.693E-01 1.653E-01 
1.000E-01 3.893E-03 1.634E-01 1.495E-03 0.000E+00 0.000E+00 1.688E-01 1.649E-01 
1.010E-01 3.819E-03 1.631E-01 1.446E-03 0.000E+00 0.000E+00 1.683E-01 1.645E-01 
1.030E-01 3.677E-03 1.624E-01 1.356E-03 0.000E+00 0.000E+00 1.674E-01 1.637E-01 
1.050E-01 3.543E-03 1.617E-01 1.272E-03 0.000E+00 0.000E+00 1.665E-01 1.630E-01 
1.070E-01 3.416E-03 1.610E-01 1.196E-03 0.000E+00 0.000E+00 1.656E-01 1.622E-01 
1.090E-01 3.296E-03 1.603E-01 1.125E-03 0.000E+00 0.000E+00 1.647E-01 1.614E-01 
1.110E-01 3.182E-03 1.596E-01 1.059E-03 0.000E+00 0.000E+00 1.639E-01 1.607E-01 
1.130E-01 3.074E-03 1.590E-01 9.989E-04 0.000E+00 0.000E+00 1.631E-01 1.600E-01 
1.150E-01 2.971E-03 1.583E-01 9.429E-04 0.000E+00 0.000E+00 1.622E-01 1.593E-01 
1.170E-01 2.873E-03 1.577E-01 8.909E-04 0.000E+00 0.000E+00 1.614E-01 1.586E-01 
1.190E-01 2.780E-03 1.570E-01 8.426E-04 0.000E+00 0.000E+00 1.607E-01 1.579E-01 
1.210E-01 2.692E-03 1.564E-01 7.977E-04 0.000E+00 0.000E+00 1.599E-01 1.572E-01 
1.230E-01 2.607E-03 1.558E-01 7.559E-04 0.000E+00 0.000E+00 1.591E-01 1.565E-01 
1.250E-01 2.526E-03 1.551E-01 7.169E-04 0.000E+00 0.000E+00 1.584E-01 1.559E-01 
1.270E-01 2.449E-03 1.545E-01 6.805E-04 0.000E+00 0.000E+00 1.577E-01 1.552E-01 
1.290E-01 2.376E-03 1.539E-01 6.466E-04 0.000E+00 0.000E+00 1.569E-01 1.546E-01 
1.310E-01 2.306E-03 1.533E-01 6.148E-04 0.000E+00 0.000E+00 1.562E-01 1.539E-01 
1.330E-01 2.238E-03 1.527E-01 5.850E-04 0.000E+00 0.000E+00 1.555E-01 1.533E-01 
1.350E-01 2.174E-03 1.521E-01 5.571E-04 0.000E+00 0.000E+00 1.549E-01 1.527E-01 
1.370E-01 2.112E-03 1.515E-01 5.310E-04 0.000E+00 0.000E+00 1.542E-01 1.521E-01 
1.390E-01 2.053E-03 1.510E-01 5.064E-04 0.000E+00 0.000E+00 1.535E-01 1.515E-01 
1.410E-01 1.997E-03 1.504E-01 4.833E-04 0.000E+00 0.000E+00 1.529E-01 1.509E-01 
1.430E-01 1.942E-03 1.498E-01 4.616E-04 0.000E+00 0.000E+00 1.522E-01 1.503E-01 
1.450E-01 1.890E-03 1.492E-01 4.411E-04 0.000E+00 0.000E+00 1.516E-01 1.497E-01 
1.470E-01 1.840E-03 1.487E-01 4.218E-04 0.000E+00 0.000E+00 1.510E-01 1.491E-01 
1.490E-01 1.792E-03 1.481E-01 4.036E-04 0.000E+00 0.000E+00 1.503E-01 1.485E-01 
1.500E-01 1.769E-03 1.479E-01 3.949E-04 0.000E+00 0.000E+00 1.500E-01 1.483E-01 
1.510E-01 1.746E-03 1.476E-01 3.865E-04 0.000E+00 0.000E+00 1.497E-01 1.480E-01 
1.530E-01 1.701E-03 1.471E-01 3.703E-04 0.000E+00 0.000E+00 1.491E-01 1.474E-01 
1.550E-01 1.658E-03 1.465E-01 3.550E-04 0.000E+00 0.000E+00 1.485E-01 1.469E-01 
1.570E-01 1.617E-03 1.460E-01 3.405E-04 0.000E+00 0.000E+00 1.479E-01 1.463E-01 
1.590E-01 1.577E-03 1.455E-01 3.267E-04 0.000E+00 0.000E+00 1.474E-01 1.458E-01 
1.610E-01 1.539E-03 1.449E-01 3.137E-04 0.000E+00 0.000E+00 1.468E-01 1.453E-01 
1.630E-01 1.502E-03 1.444E-01 3.014E-04 0.000E+00 0.000E+00 1.462E-01 1.447E-01 
1.650E-01 1.466E-03 1.439E-01 2.897E-04 0.000E+00 0.000E+00 1.457E-01 1.442E-01 
1.670E-01 1.432E-03 1.434E-01 2.786E-04 0.000E+00 0.000E+00 1.451E-01 1.437E-01 
1.690E-01 1.399E-03 1.429E-01 2.681E-04 0.000E+00 0.000E+00 1.446E-01 1.432E-01 
1.710E-01 1.367E-03 1.424E-01 2.581E-04 0.000E+00 0.000E+00 1.440E-01 1.427E-01 
1.730E-01 1.336E-03 1.419E-01 2.486E-04 0.000E+00 0.000E+00 1.435E-01 1.422E-01 
1.750E-01 1.306E-03 1.414E-01 2.395E-04 0.000E+00 0.000E+00 1.430E-01 1.417E-01 
1.770E-01 1.277E-03 1.410E-01 2.309E-04 0.000E+00 0.000E+00 1.425E-01 1.412E-01 
1.790E-01 1.249E-03 1.405E-01 2.226E-04 0.000E+00 0.000E+00 1.420E-01 1.407E-01 
1.810E-01 1.222E-03 1.400E-01 2.148E-04 0.000E+00 0.000E+00 1.415E-01 1.402E-01 
1.830E-01 1.196E-03 1.396E-01 2.073E-04 0.000E+00 0.000E+00 1.410E-01 1.398E-01 
1.850E-01 1.170E-03 1.391E-01 2.002E-04 0.000E+00 0.000E+00 1.405E-01 1.393E-01 
1.870E-01 1.146E-03 1.386E-01 1.934E-04 0.000E+00 0.000E+00 1.400E-01 1.388E-01 
1.890E-01 1.122E-03 1.382E-01 1.869E-04 0.000E+00 0.000E+00 1.395E-01 1.384E-01 
1.910E-01 1.099E-03 1.377E-01 1.807E-04 0.000E+00 0.000E+00 1.390E-01 1.379E-01 
1.930E-01 1.076E-03 1.373E-01 1.748E-04 0.000E+00 0.000E+00 1.385E-01 1.375E-01 
1.950E-01 1.055E-03 1.368E-01 1.691E-04 0.000E+00 0.000E+00 1.381E-01 1.370E-01 
1.970E-01 1.033E-03 1.364E-01 1.637E-04 0.000E+00 0.000E+00 1.376E-01 1.366E-01 
1.990E-01 1.013E-03 1.360E-01 1.584E-04 0.000E+00 0.000E+00 1.371E-01 1.361E-01 
2.000E-01 1.003E-03 1.358E-01 1.559E-04 0.000E+00 0.000E+00 1.369E-01 1.359E-01 
3.000E-01 4.487E-04 1.183E-01 4.398E-05 0.000E+00 0.000E+00 1.187E-01 1.183E-01 
4.000E-01 2.529E-04 1.060E-01 1.882E-05 0.000E+00 0.000E+00 1.063E-01 1.060E-01 
5.000E-01 1.621E-04 9.686E-02 1.014E-05 0.000E+00 0.000E+00 9.704E-02 9.687E-02 
6.000E-01 1.126E-04 8.961E-02 6.315E-06 0.000E+00 0.000E+00 8.973E-02 8.961E-02 
8.000E-01 6.337E-05 7.873E-02 3.187E-06 0.000E+00 0.000E+00 7.880E-02 7.873E-02 
1.000E+00 4.057E-05 7.080E-02 1.981E-06 0.000E+00 0.000E+00 7.084E-02 7.080E-02 
1.022E+00 3.884E-05 7.007E-02 1.840E-06 0.000E+00 0.000E+00 7.011E-02 7.007E-02 
1.250E+00 2.597E-05 6.331E-02 1.249E-06 1.452E-05 0.000E+00 6.335E-02 6.333E-02 
1.500E+00 1.803E-05 5.755E-02 9.063E-07 8.051E-05 0.000E+00 5.765E-02 5.763E-02 
2.000E+00 1.015E-05 4.911E-02 5.705E-07 3.208E-04 0.000E+00 4.944E-02 4.943E-02 
2.044E+00 9.712E-06 4.850E-02 5.518E-07 3.458E-04 0.000E+00 4.886E-02 4.885E-02 
3.000E+00 4.510E-06 3.863E-02 3.190E-07 9.182E-04 1.352E-05 3.957E-02 3.956E-02 
4.000E+00 2.537E-06 3.223E-02 2.190E-07 1.490E-03 5.519E-05 3.377E-02 3.377E-02 
5.000E+00 1.623E-06 2.783E-02 1.661E-07 2.000E-03 1.100E-04 2.994E-02 2.994E-02 
6.000E+00 1.127E-06 2.460E-02 1.336E-07 2.458E-03 1.689E-04 2.723E-02 2.723E-02 
7.000E+00 8.281E-07 2.211E-02 1.116E-07 2.867E-03 2.277E-04 2.520E-02 2.520E-02 
8.000E+00 6.342E-07 2.012E-02 9.579E-08 3.234E-03 2.849E-04 2.364E-02 2.364E-02 
9.000E+00 5.011E-07 1.850E-02 8.389E-08 3.569E-03 3.396E-04 2.241E-02 2.241E-02 
1.000E+01 4.059E-07 1.714E-02 7.460E-08 3.872E-03 3.918E-04 2.140E-02 2.140E-02 
1.100E+01 3.354E-07 1.598E-02 6.714E-08 4.149E-03 4.414E-04 2.058E-02 2.057E-02 
1.200E+01 2.818E-07 1.499E-02 6.103E-08 4.402E-03 4.883E-04 1.988E-02 1.988E-02 
1.300E+01 2.402E-07 1.412E-02 5.594E-08 4.639E-03 5.326E-04 1.929E-02 1.929E-02 
1.400E+01 2.071E-07 1.336E-02 5.163E-08 4.858E-03 5.750E-04 1.879E-02 1.879E-02 
1.500E+01 1.804E-07 1.268E-02 4.794E-08 5.063E-03 6.151E-04 1.836E-02 1.836E-02 
1.600E+01 1.585E-07 1.208E-02 4.474E-08 5.258E-03 6.533E-04 1.799E-02 1.799E-02 
1.800E+01 1.253E-07 1.104E-02 3.946E-08 5.611E-03 7.247E-04 1.737E-02 1.737E-02 
2.000E+01 1.015E-07 1.018E-02 3.529E-08 5.928E-03 7.899E-04 1.690E-02 1.690E-02 
2.200E+01 8.386E-08 9.457E-03 3.193E-08 6.219E-03 8.502E-04 1.653E-02 1.653E-02 
2.400E+01 7.046E-08 8.837E-03 2.914E-08 6.481E-03 9.059E-04 1.622E-02 1.622E-02 
2.600E+01 6.005E-08 8.296E-03 2.680E-08 6.722E-03 9.575E-04 1.598E-02 1.598E-02 
2.800E+01 5.177E-08 7.827E-03 2.481E-08 6.944E-03 1.006E-03 1.578E-02 1.578E-02 
3.000E+01 4.510E-08 7.410E-03 2.309E-08 7.151E-03 1.051E-03 1.561E-02 1.561E-02 
4.000E+01 2.537E-08 5.889E-03 1.716E-08 7.996E-03 1.242E-03 1.513E-02 1.513E-02 
5.000E+01 1.623E-08 4.916E-03 1.365E-08 8.634E-03 1.391E-03 1.494E-02 1.494E-02 
6.000E+01 1.127E-08 4.235E-03 1.133E-08 9.143E-03 1.512E-03 1.489E-02 1.489E-02 
8.000E+01 6.342E-09 3.340E-03 8.459E-09 9.912E-03 1.701E-03 1.495E-02 1.495E-02 
1.000E+02 4.058E-09 2.772E-03 6.747E-09 1.048E-02 1.844E-03 1.510E-02 1.510E-02 
1.500E+02 1.804E-09 1.974E-03 4.480E-09 1.143E-02 2.094E-03 1.550E-02 1.550E-02 
2.000E+02 1.014E-09 1.548E-03 3.354E-09 1.202E-02 2.261E-03 1.583E-02 1.583E-02 
3.000E+02 4.509E-10 1.097E-03 2.231E-09 1.274E-02 2.476E-03 1.631E-02 1.631E-02 
4.000E+02 2.536E-10 8.592E-04 1.672E-09 1.316E-02 2.612E-03 1.663E-02 1.663E-02 
5.000E+02 1.623E-10 7.113E-04 1.337E-09 1.345E-02 2.706E-03 1.686E-02 1.686E-02 
6.000E+02 1.127E-10 6.091E-04 1.114E-09 1.365E-02 2.778E-03 1.704E-02 1.704E-02 
8.000E+02 6.342E-11 4.757E-04 8.348E-10 1.393E-02 2.878E-03 1.729E-02 1.729E-02 
1.000E+03 4.058E-11 3.913E-04 6.677E-10 1.412E-02 2.945E-03 1.745E-02 1.745E-02 
1.500E+03 1.804E-11 2.733E-04 4.449E-10 1.438E-02 3.048E-03 1.770E-02 1.770E-02 
2.000E+03 1.014E-11 2.115E-04 3.337E-10 1.453E-02 3.107E-03 1.785E-02 1.785E-02 
3.000E+03 4.509E-12 1.471E-04 2.224E-10 1.469E-02 3.171E-03 1.801E-02 1.801E-02 
4.000E+03 2.536E-12 1.135E-04 1.668E-10 1.478E-02 3.209E-03 1.810E-02 1.810E-02 
5.000E+03 1.623E-12 9.284E-05 1.334E-10 1.483E-02 3.233E-03 1.816E-02 1.816E-02 
6.000E+03 1.127E-12 7.872E-05 1.112E-10 1.487E-02 3.250E-03 1.820E-02 1.820E-02 
8.000E+03 6.342E-13 6.063E-05 8.337E-11 1.492E-02 3.272E-03 1.826E-02 1.826E-02 
1.000E+04 4.058E-13 4.951E-05 6.670E-11 1.495E-02 3.287E-03 1.829E-02 1.829E-02 
1.500E+04 1.804E-13 3.422E-05 4.446E-11 1.500E-02 3.306E-03 1.834E-02 1.834E-02 
2.000E+04 1.014E-13 2.631E-05 3.335E-11 1.502E-02 3.317E-03 1.837E-02 1.837E-02 
3.000E+04 4.509E-14 1.814E-05 2.223E-11 1.505E-02 3.328E-03 1.839E-02 1.839E-02 
4.000E+04 2.536E-14 1.393E-05 1.667E-11 1.506E-02 3.335E-03 1.841E-02 1.841E-02 
5.000E+04 1.623E-14 1.134E-05 1.334E-11 1.507E-02 3.339E-03 1.842E-02 1.842E-02 
6.000E+04 1.127E-14 9.587E-06 1.111E-11 1.507E-02 3.342E-03 1.843E-02 1.843E-02 
8.000E+04 6.342E-15 7.353E-06 8.337E-12 1.508E-02 3.345E-03 1.843E-02 1.843E-02 
1.000E+05 4.058E-15 5.980E-06 6.670E-12 1.509E-02 3.347E-03 1.844E-02 1.844E-02 