Photon    Coherent Incoher. Photoel. Nuclear  Electron Tot. w/  Tot. wo/ 
Energy    Scatter. Scatter. Absorb.  Pr. Prd. Pr. Prd. Coherent Coherent 

1.000E-03 1.333E+00 1.051E-02 3.566E+03 0.000E+00 0.000E+00 3.567E+03 3.566E+03 
1.000E-03 1.333E+00 1.051E-02 3.566E+03 0.000E+00 0.000E+00 3.567E+03 3.566E+03 
1.500E-03 1.219E+00 2.141E-02 1.175E+03 0.000E+00 0.000E+00 1.176E+03 1.175E+03 
2.000E-03 1.089E+00 3.378E-02 5.195E+02 0.000E+00 0.000E+00 5.206E+02 5.195E+02 
3.000E-03 8.406E-01 5.806E-02 1.590E+02 0.000E+00 0.000E+00 1.599E+02 1.591E+02 
4.000E-03 6.454E-01 7.838E-02 6.723E+01 0.000E+00 0.000E+00 6.796E+01 6.731E+01 
5.000E-03 5.054E-01 9.402E-02 3.414E+01 0.000E+00 0.000E+00 3.474E+01 3.423E+01 
6.000E-03 4.066E-01 1.058E-01 1.949E+01 0.000E+00 0.000E+00 2.001E+01 1.960E+01 
7.000E-03 3.359E-01 1.149E-01 1.209E+01 0.000E+00 0.000E+00 1.254E+01 1.220E+01 
8.000E-03 2.838E-01 1.219E-01 7.967E+00 0.000E+00 0.000E+00 8.373E+00 8.089E+00 
9.000E-03 2.444E-01 1.276E-01 5.505E+00 0.000E+00 0.000E+00 5.877E+00 5.632E+00 
1.000E-02 2.137E-01 1.323E-01 3.948E+00 0.000E+00 0.000E+00 4.294E+00 4.080E+00 
1.100E-02 1.893E-01 1.363E-01 2.918E+00 0.000E+00 0.000E+00 3.244E+00 3.055E+00 
1.300E-02 1.526E-01 1.427E-01 1.713E+00 0.000E+00 0.000E+00 2.008E+00 1.856E+00 
1.500E-02 1.262E-01 1.477E-01 1.082E+00 0.000E+00 0.000E+00 1.356E+00 1.230E+00 
1.700E-02 1.063E-01 1.517E-01 7.229E-01 0.000E+00 0.000E+00 9.809E-01 8.746E-01 
1.900E-02 9.067E-02 1.549E-01 5.044E-01 0.000E+00 0.000E+00 7.499E-01 6.593E-01 
2.000E-02 8.410E-02 1.562E-01 4.271E-01 0.000E+00 0.000E+00 6.674E-01 5.833E-01 
2.100E-02 7.818E-02 1.573E-01 3.645E-01 0.000E+00 0.000E+00 6.000E-01 5.218E-01 
2.300E-02 6.803E-02 1.593E-01 2.710E-01 0.000E+00 0.000E+00 4.983E-01 4.303E-01 
2.500E-02 5.967E-02 1.607E-01 2.064E-01 0.000E+00 0.000E+00 4.268E-01 3.672E-01 
2.700E-02 5.273E-02 1.619E-01 1.605E-01 0.000E+00 0.000E+00 3.750E-01 3.223E-01 
2.900E-02 4.690E-02 1.627E-01 1.270E-01 0.000E+00 0.000E+00 3.365E-01 2.896E-01 
3.000E-02 4.434E-02 1.630E-01 1.136E-01 0.000E+00 0.000E+00 3.209E-01 2.766E-01 
3.100E-02 4.197E-02 1.632E-01 1.020E-01 0.000E+00 0.000E+00 3.072E-01 2.652E-01 
3.300E-02 3.777E-02 1.636E-01 8.303E-02 0.000E+00 0.000E+00 2.844E-01 2.466E-01 
3.500E-02 3.416E-02 1.637E-01 6.841E-02 0.000E+00 0.000E+00 2.663E-01 2.321E-01 
3.700E-02 3.104E-02 1.637E-01 5.696E-02 0.000E+00 0.000E+00 2.518E-01 2.207E-01 
3.900E-02 2.832E-02 1.637E-01 4.788E-02 0.000E+00 0.000E+00 2.399E-01 2.115E-01 
4.000E-02 2.710E-02 1.636E-01 4.405E-02 0.000E+00 0.000E+00 2.347E-01 2.076E-01 
4.100E-02 2.595E-02 1.635E-01 4.060E-02 0.000E+00 0.000E+00 2.300E-01 2.041E-01 
4.300E-02 2.386E-02 1.632E-01 3.469E-02 0.000E+00 0.000E+00 2.217E-01 1.979E-01 
4.500E-02 2.201E-02 1.628E-01 2.985E-02 0.000E+00 0.000E+00 2.147E-01 1.927E-01 
4.700E-02 2.037E-02 1.624E-01 2.585E-02 0.000E+00 0.000E+00 2.086E-01 1.883E-01 
4.900E-02 1.891E-02 1.620E-01 2.252E-02 0.000E+00 0.000E+00 2.034E-01 1.845E-01 
5.000E-02 1.824E-02 1.617E-01 2.106E-02 0.000E+00 0.000E+00 2.010E-01 1.828E-01 
5.100E-02 1.760E-02 1.615E-01 1.973E-02 0.000E+00 0.000E+00 1.988E-01 1.812E-01 
5.300E-02 1.642E-02 1.609E-01 1.737E-02 0.000E+00 0.000E+00 1.947E-01 1.783E-01 
5.500E-02 1.535E-02 1.604E-01 1.536E-02 0.000E+00 0.000E+00 1.911E-01 1.758E-01 
5.700E-02 1.438E-02 1.598E-01 1.364E-02 0.000E+00 0.000E+00 1.878E-01 1.735E-01 
5.900E-02 1.350E-02 1.592E-01 1.217E-02 0.000E+00 0.000E+00 1.849E-01 1.714E-01 
6.000E-02 1.309E-02 1.589E-01 1.151E-02 0.000E+00 0.000E+00 1.835E-01 1.704E-01 
6.100E-02 1.270E-02 1.586E-01 1.090E-02 0.000E+00 0.000E+00 1.822E-01 1.695E-01 
6.300E-02 1.197E-02 1.580E-01 9.790E-03 0.000E+00 0.000E+00 1.798E-01 1.678E-01 
6.500E-02 1.130E-02 1.574E-01 8.826E-03 0.000E+00 0.000E+00 1.775E-01 1.662E-01 
6.700E-02 1.068E-02 1.568E-01 7.983E-03 0.000E+00 0.000E+00 1.754E-01 1.647E-01 
6.900E-02 1.011E-02 1.561E-01 7.241E-03 0.000E+00 0.000E+00 1.735E-01 1.634E-01 
7.100E-02 9.589E-03 1.555E-01 6.586E-03 0.000E+00 0.000E+00 1.717E-01 1.621E-01 
7.300E-02 9.104E-03 1.548E-01 6.007E-03 0.000E+00 0.000E+00 1.700E-01 1.609E-01 
7.500E-02 8.654E-03 1.542E-01 5.492E-03 0.000E+00 0.000E+00 1.683E-01 1.597E-01 
7.700E-02 8.237E-03 1.536E-01 5.033E-03 0.000E+00 0.000E+00 1.668E-01 1.586E-01 
7.900E-02 7.849E-03 1.529E-01 4.623E-03 0.000E+00 0.000E+00 1.654E-01 1.575E-01 
8.000E-02 7.665E-03 1.526E-01 4.434E-03 0.000E+00 0.000E+00 1.647E-01 1.570E-01 
8.100E-02 7.487E-03 1.523E-01 4.255E-03 0.000E+00 0.000E+00 1.640E-01 1.565E-01 
8.300E-02 7.150E-03 1.516E-01 3.925E-03 0.000E+00 0.000E+00 1.627E-01 1.555E-01 
8.500E-02 6.834E-03 1.510E-01 3.627E-03 0.000E+00 0.000E+00 1.614E-01 1.546E-01 
8.700E-02 6.539E-03 1.503E-01 3.358E-03 0.000E+00 0.000E+00 1.602E-01 1.537E-01 
8.900E-02 6.263E-03 1.497E-01 3.114E-03 0.000E+00 0.000E+00 1.591E-01 1.528E-01 
9.100E-02 6.003E-03 1.491E-01 2.893E-03 0.000E+00 0.000E+00 1.580E-01 1.519E-01 
9.300E-02 5.759E-03 1.484E-01 2.692E-03 0.000E+00 0.000E+00 1.569E-01 1.511E-01 
9.500E-02 5.530E-03 1.478E-01 2.509E-03 0.000E+00 0.000E+00 1.558E-01 1.503E-01 
9.700E-02 5.314E-03 1.472E-01 2.342E-03 0.000E+00 0.000E+00 1.548E-01 1.495E-01 
9.900E-02 5.110E-03 1.466E-01 2.189E-03 0.000E+00 0.000E+00 1.539E-01 1.488E-01 
1.000E-01 5.012E-03 1.463E-01 2.117E-03 0.000E+00 0.000E+00 1.534E-01 1.484E-01 
1.010E-01 4.917E-03 1.460E-01 2.049E-03 0.000E+00 0.000E+00 1.529E-01 1.480E-01 
1.030E-01 4.736E-03 1.453E-01 1.920E-03 0.000E+00 0.000E+00 1.520E-01 1.473E-01 
1.050E-01 4.564E-03 1.447E-01 1.802E-03 0.000E+00 0.000E+00 1.511E-01 1.465E-01 
1.070E-01 4.401E-03 1.442E-01 1.693E-03 0.000E+00 0.000E+00 1.502E-01 1.458E-01 
1.090E-01 4.247E-03 1.436E-01 1.592E-03 0.000E+00 0.000E+00 1.494E-01 1.452E-01 
1.110E-01 4.100E-03 1.430E-01 1.500E-03 0.000E+00 0.000E+00 1.486E-01 1.445E-01 
1.130E-01 3.961E-03 1.424E-01 1.414E-03 0.000E+00 0.000E+00 1.478E-01 1.438E-01 
1.150E-01 3.829E-03 1.418E-01 1.334E-03 0.000E+00 0.000E+00 1.470E-01 1.432E-01 
1.170E-01 3.703E-03 1.413E-01 1.261E-03 0.000E+00 0.000E+00 1.462E-01 1.425E-01 
1.190E-01 3.584E-03 1.407E-01 1.192E-03 0.000E+00 0.000E+00 1.455E-01 1.419E-01 
1.210E-01 3.470E-03 1.401E-01 1.128E-03 0.000E+00 0.000E+00 1.447E-01 1.413E-01 
1.230E-01 3.361E-03 1.396E-01 1.069E-03 0.000E+00 0.000E+00 1.440E-01 1.407E-01 
1.250E-01 3.258E-03 1.390E-01 1.014E-03 0.000E+00 0.000E+00 1.433E-01 1.400E-01 
1.270E-01 3.159E-03 1.385E-01 9.624E-04 0.000E+00 0.000E+00 1.426E-01 1.395E-01 
1.290E-01 3.064E-03 1.380E-01 9.142E-04 0.000E+00 0.000E+00 1.419E-01 1.389E-01 
1.310E-01 2.974E-03 1.374E-01 8.692E-04 0.000E+00 0.000E+00 1.413E-01 1.383E-01 
1.330E-01 2.887E-03 1.369E-01 8.270E-04 0.000E+00 0.000E+00 1.406E-01 1.377E-01 
1.350E-01 2.804E-03 1.364E-01 7.875E-04 0.000E+00 0.000E+00 1.400E-01 1.372E-01 
1.370E-01 2.725E-03 1.359E-01 7.505E-04 0.000E+00 0.000E+00 1.393E-01 1.366E-01 
1.390E-01 2.649E-03 1.353E-01 7.157E-04 0.000E+00 0.000E+00 1.387E-01 1.361E-01 
1.410E-01 2.576E-03 1.348E-01 6.830E-04 0.000E+00 0.000E+00 1.381E-01 1.355E-01 
1.430E-01 2.506E-03 1.343E-01 6.523E-04 0.000E+00 0.000E+00 1.375E-01 1.350E-01 
1.450E-01 2.439E-03 1.338E-01 6.233E-04 0.000E+00 0.000E+00 1.369E-01 1.345E-01 
1.470E-01 2.375E-03 1.333E-01 5.961E-04 0.000E+00 0.000E+00 1.363E-01 1.339E-01 
1.490E-01 2.313E-03 1.329E-01 5.704E-04 0.000E+00 0.000E+00 1.357E-01 1.334E-01 
1.500E-01 2.282E-03 1.326E-01 5.580E-04 0.000E+00 0.000E+00 1.355E-01 1.332E-01 
1.510E-01 2.253E-03 1.324E-01 5.461E-04 0.000E+00 0.000E+00 1.352E-01 1.329E-01 
1.530E-01 2.196E-03 1.319E-01 5.232E-04 0.000E+00 0.000E+00 1.346E-01 1.324E-01 
1.550E-01 2.140E-03 1.314E-01 5.015E-04 0.000E+00 0.000E+00 1.341E-01 1.319E-01 
1.570E-01 2.087E-03 1.310E-01 4.810E-04 0.000E+00 0.000E+00 1.335E-01 1.314E-01 
1.590E-01 2.036E-03 1.305E-01 4.616E-04 0.000E+00 0.000E+00 1.330E-01 1.309E-01 
1.610E-01 1.987E-03 1.300E-01 4.433E-04 0.000E+00 0.000E+00 1.325E-01 1.305E-01 
1.630E-01 1.939E-03 1.296E-01 4.259E-04 0.000E+00 0.000E+00 1.319E-01 1.300E-01 
1.650E-01 1.893E-03 1.291E-01 4.094E-04 0.000E+00 0.000E+00 1.314E-01 1.295E-01 
1.670E-01 1.849E-03 1.287E-01 3.937E-04 0.000E+00 0.000E+00 1.309E-01 1.291E-01 
1.690E-01 1.806E-03 1.282E-01 3.788E-04 0.000E+00 0.000E+00 1.304E-01 1.286E-01 
1.710E-01 1.765E-03 1.278E-01 3.647E-04 0.000E+00 0.000E+00 1.299E-01 1.281E-01 
1.730E-01 1.725E-03 1.273E-01 3.512E-04 0.000E+00 0.000E+00 1.294E-01 1.277E-01 
1.750E-01 1.686E-03 1.269E-01 3.384E-04 0.000E+00 0.000E+00 1.289E-01 1.272E-01 
1.770E-01 1.649E-03 1.265E-01 3.262E-04 0.000E+00 0.000E+00 1.285E-01 1.268E-01 
1.790E-01 1.613E-03 1.261E-01 3.146E-04 0.000E+00 0.000E+00 1.280E-01 1.264E-01 
1.810E-01 1.578E-03 1.256E-01 3.035E-04 0.000E+00 0.000E+00 1.275E-01 1.259E-01 
1.830E-01 1.544E-03 1.252E-01 2.930E-04 0.000E+00 0.000E+00 1.271E-01 1.255E-01 
1.850E-01 1.511E-03 1.248E-01 2.829E-04 0.000E+00 0.000E+00 1.266E-01 1.251E-01 
1.870E-01 1.479E-03 1.244E-01 2.733E-04 0.000E+00 0.000E+00 1.262E-01 1.247E-01 
1.890E-01 1.449E-03 1.240E-01 2.641E-04 0.000E+00 0.000E+00 1.257E-01 1.243E-01 
1.910E-01 1.419E-03 1.236E-01 2.554E-04 0.000E+00 0.000E+00 1.253E-01 1.239E-01 
1.930E-01 1.390E-03 1.232E-01 2.470E-04 0.000E+00 0.000E+00 1.248E-01 1.234E-01 
1.950E-01 1.362E-03 1.228E-01 2.389E-04 0.000E+00 0.000E+00 1.244E-01 1.230E-01 
1.970E-01 1.335E-03 1.224E-01 2.313E-04 0.000E+00 0.000E+00 1.240E-01 1.226E-01 
1.990E-01 1.308E-03 1.220E-01 2.239E-04 0.000E+00 0.000E+00 1.236E-01 1.223E-01 
2.000E-01 1.296E-03 1.218E-01 2.203E-04 0.000E+00 0.000E+00 1.234E-01 1.221E-01 
3.000E-01 5.798E-04 1.062E-01 6.206E-05 0.000E+00 0.000E+00 1.068E-01 1.063E-01 
4.000E-01 3.269E-04 9.523E-02 2.654E-05 0.000E+00 0.000E+00 9.559E-02 9.526E-02 
5.000E-01 2.094E-04 8.699E-02 1.429E-05 0.000E+00 0.000E+00 8.721E-02 8.700E-02 
6.000E-01 1.455E-04 8.049E-02 8.898E-06 0.000E+00 0.000E+00 8.065E-02 8.050E-02 
8.000E-01 8.191E-05 7.073E-02 4.490E-06 0.000E+00 0.000E+00 7.082E-02 7.074E-02 
1.000E+00 5.243E-05 6.360E-02 2.791E-06 0.000E+00 0.000E+00 6.366E-02 6.360E-02 
1.022E+00 5.021E-05 6.295E-02 2.593E-06 0.000E+00 0.000E+00 6.300E-02 6.295E-02 
1.250E+00 3.357E-05 5.689E-02 1.760E-06 1.740E-05 0.000E+00 5.694E-02 5.691E-02 
1.500E+00 2.331E-05 5.169E-02 1.278E-06 9.633E-05 0.000E+00 5.181E-02 5.178E-02 
2.000E+00 1.312E-05 4.412E-02 8.044E-07 3.835E-04 0.000E+00 4.452E-02 4.450E-02 
2.044E+00 1.256E-05 4.356E-02 7.784E-07 4.134E-04 0.000E+00 4.399E-02 4.397E-02 
3.000E+00 5.828E-06 3.471E-02 4.501E-07 1.097E-03 1.214E-05 3.583E-02 3.582E-02 
4.000E+00 3.279E-06 2.896E-02 3.092E-07 1.779E-03 4.958E-05 3.079E-02 3.078E-02 
5.000E+00 2.099E-06 2.500E-02 2.346E-07 2.387E-03 9.881E-05 2.749E-02 2.749E-02 
6.000E+00 1.457E-06 2.210E-02 1.887E-07 2.935E-03 1.517E-04 2.519E-02 2.519E-02 
7.000E+00 1.071E-06 1.987E-02 1.577E-07 3.422E-03 2.046E-04 2.349E-02 2.349E-02 
8.000E+00 8.199E-07 1.808E-02 1.354E-07 3.861E-03 2.559E-04 2.220E-02 2.220E-02 
9.000E+00 6.479E-07 1.662E-02 1.185E-07 4.260E-03 3.052E-04 2.118E-02 2.118E-02 
1.000E+01 5.247E-07 1.540E-02 1.054E-07 4.620E-03 3.521E-04 2.037E-02 2.037E-02 
1.100E+01 4.336E-07 1.436E-02 9.489E-08 4.951E-03 3.966E-04 1.971E-02 1.971E-02 
1.200E+01 3.643E-07 1.347E-02 8.628E-08 5.252E-03 4.386E-04 1.916E-02 1.916E-02 
1.300E+01 3.105E-07 1.269E-02 7.909E-08 5.535E-03 4.786E-04 1.870E-02 1.870E-02 
1.400E+01 2.677E-07 1.200E-02 7.298E-08 5.796E-03 5.165E-04 1.832E-02 1.832E-02 
1.500E+01 2.332E-07 1.140E-02 6.776E-08 6.043E-03 5.525E-04 1.799E-02 1.799E-02 
1.600E+01 2.050E-07 1.085E-02 6.326E-08 6.273E-03 5.869E-04 1.771E-02 1.771E-02 
1.800E+01 1.619E-07 9.919E-03 5.579E-08 6.693E-03 6.510E-04 1.726E-02 1.726E-02 
2.000E+01 1.312E-07 9.146E-03 4.991E-08 7.069E-03 7.094E-04 1.692E-02 1.692E-02 
2.200E+01 1.084E-07 8.496E-03 4.514E-08 7.413E-03 7.636E-04 1.667E-02 1.667E-02 
2.400E+01 9.110E-08 7.938E-03 4.120E-08 7.723E-03 8.134E-04 1.647E-02 1.647E-02 
2.600E+01 7.761E-08 7.455E-03 3.790E-08 8.010E-03 8.599E-04 1.633E-02 1.633E-02 
2.800E+01 6.692E-08 7.034E-03 3.508E-08 8.271E-03 9.032E-04 1.621E-02 1.621E-02 
3.000E+01 5.831E-08 6.660E-03 3.266E-08 8.515E-03 9.436E-04 1.612E-02 1.612E-02 
4.000E+01 3.279E-08 5.293E-03 2.426E-08 9.516E-03 1.114E-03 1.592E-02 1.592E-02 
5.000E+01 2.099E-08 4.416E-03 1.930E-08 1.028E-02 1.247E-03 1.594E-02 1.594E-02 
6.000E+01 1.457E-08 3.805E-03 1.602E-08 1.088E-02 1.354E-03 1.604E-02 1.604E-02 
8.000E+01 8.196E-09 3.001E-03 1.196E-08 1.179E-02 1.521E-03 1.631E-02 1.631E-02 
1.000E+02 5.247E-09 2.491E-03 9.542E-09 1.246E-02 1.647E-03 1.660E-02 1.660E-02 
1.500E+02 2.331E-09 1.774E-03 6.338E-09 1.357E-02 1.865E-03 1.721E-02 1.721E-02 
2.000E+02 1.311E-09 1.391E-03 4.744E-09 1.426E-02 2.008E-03 1.766E-02 1.766E-02 
3.000E+02 5.828E-10 9.859E-04 3.156E-09 1.509E-02 2.191E-03 1.827E-02 1.827E-02 
4.000E+02 3.279E-10 7.722E-04 2.365E-09 1.558E-02 2.304E-03 1.866E-02 1.866E-02 
5.000E+02 2.098E-10 6.390E-04 1.891E-09 1.591E-02 2.384E-03 1.893E-02 1.893E-02 
6.000E+02 1.457E-10 5.474E-04 1.575E-09 1.615E-02 2.442E-03 1.914E-02 1.914E-02 
8.000E+02 8.196E-11 4.274E-04 1.181E-09 1.646E-02 2.524E-03 1.942E-02 1.942E-02 
1.000E+03 5.247E-11 3.516E-04 9.443E-10 1.667E-02 2.579E-03 1.960E-02 1.960E-02 
1.500E+03 2.331E-11 2.456E-04 6.294E-10 1.698E-02 2.662E-03 1.988E-02 1.988E-02 
2.000E+03 1.311E-11 1.901E-04 4.720E-10 1.714E-02 2.709E-03 2.004E-02 2.004E-02 
3.000E+03 5.828E-12 1.321E-04 3.146E-10 1.732E-02 2.761E-03 2.022E-02 2.022E-02 
4.000E+03 3.279E-12 1.020E-04 2.359E-10 1.742E-02 2.792E-03 2.032E-02 2.032E-02 
5.000E+03 2.098E-12 8.342E-05 1.887E-10 1.748E-02 2.810E-03 2.038E-02 2.038E-02 
6.000E+03 1.457E-12 7.073E-05 1.573E-10 1.753E-02 2.823E-03 2.042E-02 2.042E-02 
8.000E+03 8.196E-13 5.448E-05 1.179E-10 1.758E-02 2.841E-03 2.048E-02 2.048E-02 
1.000E+04 5.247E-13 4.450E-05 9.434E-11 1.762E-02 2.852E-03 2.052E-02 2.052E-02 
1.500E+04 2.331E-13 3.074E-05 6.289E-11 1.767E-02 2.867E-03 2.057E-02 2.057E-02 
2.000E+04 1.311E-13 2.364E-05 4.717E-11 1.770E-02 2.876E-03 2.060E-02 2.060E-02 
3.000E+04 5.828E-14 1.630E-05 3.145E-11 1.773E-02 2.885E-03 2.063E-02 2.063E-02 
4.000E+04 3.279E-14 1.252E-05 2.358E-11 1.774E-02 2.890E-03 2.064E-02 2.064E-02 
5.000E+04 2.098E-14 1.019E-05 1.887E-11 1.775E-02 2.893E-03 2.065E-02 2.065E-02 
6.000E+04 1.457E-14 8.613E-06 1.572E-11 1.776E-02 2.895E-03 2.066E-02 2.066E-02 
8.000E+04 8.196E-15 6.605E-06 1.179E-11 1.776E-02 2.898E-03 2.067E-02 2.067E-02 
1.000E+05 5.247E-15 5.374E-06 9.434E-12 1.777E-02 2.900E-03 2.067E-02 2.067E-02 