Photon    Coherent Incoher. Photoel. Nuclear  Electron Tot. w/  Tot. wo/ 
Energy    Scatter. Scatter. Absorb.  Pr. Prd. Pr. Prd. Coherent Coherent 

1.000E-03 1.097E+00 1.616E-02 2.509E+03 0.000E+00 0.000E+00 2.510E+03 2.509E+03 
1.020E-03 1.092E+00 1.672E-02 2.378E+03 0.000E+00 0.000E+00 2.379E+03 2.378E+03 
1.020E-03 1.092E+00 1.672E-02 2.378E+03 0.000E+00 0.000E+00 2.379E+03 2.378E+03 
1.031E-03 1.089E+00 1.705E-02 2.306E+03 0.000E+00 0.000E+00 2.307E+03 2.306E+03 
1.043E-03 1.087E+00 1.738E-02 2.236E+03 0.000E+00 0.000E+00 2.237E+03 2.236E+03 
1.043E-03 1.087E+00 1.738E-02 2.236E+03 0.000E+00 0.000E+00 2.237E+03 2.236E+03 
1.057E-03 1.083E+00 1.780E-02 2.153E+03 0.000E+00 0.000E+00 2.154E+03 2.153E+03 
1.072E-03 1.080E+00 1.824E-02 2.072E+03 0.000E+00 0.000E+00 2.074E+03 2.072E+03 
1.072E-03 1.080E+00 1.824E-02 2.075E+03 0.000E+00 0.000E+00 2.076E+03 2.075E+03 
1.131E-03 1.067E+00 2.002E-02 1.791E+03 0.000E+00 0.000E+00 1.792E+03 1.791E+03 
1.194E-03 1.054E+00 2.195E-02 1.545E+03 0.000E+00 0.000E+00 1.546E+03 1.545E+03 
1.194E-03 1.054E+00 2.195E-02 1.545E+03 0.000E+00 0.000E+00 1.546E+03 1.545E+03 
1.248E-03 1.042E+00 2.369E-02 1.366E+03 0.000E+00 0.000E+00 1.367E+03 1.366E+03 
1.305E-03 1.030E+00 2.554E-02 1.207E+03 0.000E+00 0.000E+00 1.208E+03 1.207E+03 
1.305E-03 1.030E+00 2.554E-02 1.207E+03 0.000E+00 0.000E+00 1.208E+03 1.207E+03 
1.500E-03 9.871E-01 3.210E-02 8.182E+02 0.000E+00 0.000E+00 8.193E+02 8.183E+02 
2.000E-03 8.685E-01 4.927E-02 3.593E+02 0.000E+00 0.000E+00 3.602E+02 3.593E+02 
2.145E-03 8.344E-01 5.418E-02 2.930E+02 0.000E+00 0.000E+00 2.938E+02 2.930E+02 
2.145E-03 8.344E-01 5.418E-02 2.933E+02 0.000E+00 0.000E+00 2.942E+02 2.934E+02 
2.303E-03 7.985E-01 5.938E-02 2.385E+02 0.000E+00 0.000E+00 2.394E+02 2.386E+02 
2.472E-03 7.612E-01 6.482E-02 1.938E+02 0.000E+00 0.000E+00 1.946E+02 1.939E+02 
2.472E-03 7.612E-01 6.482E-02 1.952E+02 0.000E+00 0.000E+00 1.960E+02 1.952E+02 
2.641E-03 7.255E-01 7.008E-02 1.606E+02 0.000E+00 0.000E+00 1.614E+02 1.607E+02 
2.822E-03 6.891E-01 7.548E-02 1.321E+02 0.000E+00 0.000E+00 1.328E+02 1.321E+02 
2.822E-03 6.891E-01 7.548E-02 1.338E+02 0.000E+00 0.000E+00 1.346E+02 1.339E+02 
3.000E-03 6.552E-01 8.054E-02 1.118E+02 0.000E+00 0.000E+00 1.125E+02 1.118E+02 
3.607E-03 5.533E-01 9.600E-02 6.447E+01 0.000E+00 0.000E+00 6.512E+01 6.457E+01 
3.607E-03 5.533E-01 9.600E-02 6.481E+01 0.000E+00 0.000E+00 6.546E+01 6.491E+01 
4.000E-03 4.983E-01 1.045E-01 4.748E+01 0.000E+00 0.000E+00 4.808E+01 4.758E+01 
4.038E-03 4.934E-01 1.053E-01 4.613E+01 0.000E+00 0.000E+00 4.673E+01 4.624E+01 
4.038E-03 4.934E-01 1.053E-01 4.615E+01 0.000E+00 0.000E+00 4.675E+01 4.626E+01 
5.000E-03 3.901E-01 1.217E-01 2.411E+01 0.000E+00 0.000E+00 2.462E+01 2.423E+01 
6.000E-03 3.152E-01 1.340E-01 1.377E+01 0.000E+00 0.000E+00 1.422E+01 1.390E+01 
7.112E-03 2.570E-01 1.440E-01 8.128E+00 0.000E+00 0.000E+00 8.529E+00 8.272E+00 
7.112E-03 2.570E-01 1.440E-01 8.136E+00 0.000E+00 0.000E+00 8.537E+00 8.280E+00 
8.000E-03 2.228E-01 1.502E-01 5.635E+00 0.000E+00 0.000E+00 6.008E+00 5.785E+00 
9.659E-03 1.769E-01 1.589E-01 3.117E+00 0.000E+00 0.000E+00 3.453E+00 3.276E+00 
9.659E-03 1.769E-01 1.589E-01 3.121E+00 0.000E+00 0.000E+00 3.457E+00 3.280E+00 
1.000E-02 1.695E-01 1.604E-01 2.797E+00 0.000E+00 0.000E+00 3.127E+00 2.957E+00 
1.200E-02 1.348E-01 1.676E-01 1.569E+00 0.000E+00 0.000E+00 1.871E+00 1.736E+00 
1.400E-02 1.103E-01 1.729E-01 9.590E-01 0.000E+00 0.000E+00 1.242E+00 1.132E+00 
1.500E-02 1.005E-01 1.751E-01 7.687E-01 0.000E+00 0.000E+00 1.044E+00 9.437E-01 
1.600E-02 9.193E-02 1.770E-01 6.247E-01 0.000E+00 0.000E+00 8.936E-01 8.017E-01 
1.800E-02 7.774E-02 1.801E-01 4.273E-01 0.000E+00 0.000E+00 6.851E-01 6.074E-01 
2.000E-02 6.652E-02 1.824E-01 3.039E-01 0.000E+00 0.000E+00 5.528E-01 4.863E-01 
2.200E-02 5.748E-02 1.841E-01 2.230E-01 0.000E+00 0.000E+00 4.646E-01 4.072E-01 
2.400E-02 5.012E-02 1.853E-01 1.681E-01 0.000E+00 0.000E+00 4.035E-01 3.534E-01 
2.600E-02 4.406E-02 1.862E-01 1.295E-01 0.000E+00 0.000E+00 3.597E-01 3.156E-01 
2.800E-02 3.901E-02 1.867E-01 1.016E-01 0.000E+00 0.000E+00 3.273E-01 2.883E-01 
3.000E-02 3.477E-02 1.869E-01 8.109E-02 0.000E+00 0.000E+00 3.028E-01 2.680E-01 
3.200E-02 3.118E-02 1.870E-01 6.563E-02 0.000E+00 0.000E+00 2.838E-01 2.526E-01 
3.400E-02 2.811E-02 1.869E-01 5.379E-02 0.000E+00 0.000E+00 2.688E-01 2.407E-01 
3.600E-02 2.547E-02 1.867E-01 4.458E-02 0.000E+00 0.000E+00 2.567E-01 2.312E-01 
3.800E-02 2.319E-02 1.863E-01 3.732E-02 0.000E+00 0.000E+00 2.468E-01 2.236E-01 
4.000E-02 2.119E-02 1.859E-01 3.153E-02 0.000E+00 0.000E+00 2.386E-01 2.174E-01 
4.200E-02 1.944E-02 1.854E-01 2.685E-02 0.000E+00 0.000E+00 2.317E-01 2.122E-01 
4.400E-02 1.790E-02 1.848E-01 2.303E-02 0.000E+00 0.000E+00 2.258E-01 2.079E-01 
4.600E-02 1.653E-02 1.842E-01 1.989E-02 0.000E+00 0.000E+00 2.207E-01 2.041E-01 
4.800E-02 1.532E-02 1.836E-01 1.729E-02 0.000E+00 0.000E+00 2.162E-01 2.009E-01 
5.000E-02 1.423E-02 1.829E-01 1.511E-02 0.000E+00 0.000E+00 2.122E-01 1.980E-01 
5.200E-02 1.325E-02 1.822E-01 1.327E-02 0.000E+00 0.000E+00 2.087E-01 1.955E-01 
5.400E-02 1.237E-02 1.815E-01 1.171E-02 0.000E+00 0.000E+00 2.056E-01 1.932E-01 
5.600E-02 1.158E-02 1.807E-01 1.039E-02 0.000E+00 0.000E+00 2.027E-01 1.911E-01 
5.800E-02 1.086E-02 1.800E-01 9.250E-03 0.000E+00 0.000E+00 2.001E-01 1.892E-01 
6.000E-02 1.020E-02 1.792E-01 8.269E-03 0.000E+00 0.000E+00 1.977E-01 1.875E-01 
6.200E-02 9.600E-03 1.784E-01 7.419E-03 0.000E+00 0.000E+00 1.955E-01 1.859E-01 
6.400E-02 9.051E-03 1.777E-01 6.679E-03 0.000E+00 0.000E+00 1.934E-01 1.843E-01 
6.600E-02 8.548E-03 1.769E-01 6.033E-03 0.000E+00 0.000E+00 1.915E-01 1.829E-01 
6.800E-02 8.085E-03 1.761E-01 5.466E-03 0.000E+00 0.000E+00 1.897E-01 1.816E-01 
7.000E-02 7.659E-03 1.753E-01 4.966E-03 0.000E+00 0.000E+00 1.880E-01 1.803E-01 
7.200E-02 7.265E-03 1.746E-01 4.524E-03 0.000E+00 0.000E+00 1.863E-01 1.791E-01 
7.400E-02 6.900E-03 1.738E-01 4.132E-03 0.000E+00 0.000E+00 1.848E-01 1.779E-01 
7.600E-02 6.562E-03 1.730E-01 3.783E-03 0.000E+00 0.000E+00 1.833E-01 1.768E-01 
7.800E-02 6.248E-03 1.722E-01 3.472E-03 0.000E+00 0.000E+00 1.819E-01 1.757E-01 
8.000E-02 5.956E-03 1.715E-01 3.193E-03 0.000E+00 0.000E+00 1.806E-01 1.747E-01 
8.200E-02 5.683E-03 1.707E-01 2.943E-03 0.000E+00 0.000E+00 1.793E-01 1.736E-01 
8.400E-02 5.429E-03 1.699E-01 2.717E-03 0.000E+00 0.000E+00 1.781E-01 1.727E-01 
8.600E-02 5.191E-03 1.692E-01 2.514E-03 0.000E+00 0.000E+00 1.769E-01 1.717E-01 
8.800E-02 4.968E-03 1.684E-01 2.330E-03 0.000E+00 0.000E+00 1.757E-01 1.708E-01 
9.000E-02 4.759E-03 1.677E-01 2.163E-03 0.000E+00 0.000E+00 1.746E-01 1.699E-01 
9.200E-02 4.563E-03 1.670E-01 2.012E-03 0.000E+00 0.000E+00 1.735E-01 1.690E-01 
9.400E-02 4.379E-03 1.662E-01 1.874E-03 0.000E+00 0.000E+00 1.725E-01 1.681E-01 
9.600E-02 4.206E-03 1.655E-01 1.748E-03 0.000E+00 0.000E+00 1.715E-01 1.673E-01 
9.800E-02 4.042E-03 1.648E-01 1.633E-03 0.000E+00 0.000E+00 1.705E-01 1.664E-01 
1.000E-01 3.888E-03 1.641E-01 1.528E-03 0.000E+00 0.000E+00 1.695E-01 1.656E-01 
1.020E-01 3.742E-03 1.634E-01 1.431E-03 0.000E+00 0.000E+00 1.685E-01 1.648E-01 
1.040E-01 3.605E-03 1.627E-01 1.343E-03 0.000E+00 0.000E+00 1.676E-01 1.640E-01 
1.060E-01 3.475E-03 1.620E-01 1.261E-03 0.000E+00 0.000E+00 1.667E-01 1.632E-01 
1.080E-01 3.351E-03 1.613E-01 1.186E-03 0.000E+00 0.000E+00 1.658E-01 1.625E-01 
1.100E-01 3.234E-03 1.606E-01 1.116E-03 0.000E+00 0.000E+00 1.650E-01 1.617E-01 
1.120E-01 3.124E-03 1.600E-01 1.052E-03 0.000E+00 0.000E+00 1.641E-01 1.610E-01 
1.140E-01 3.018E-03 1.593E-01 9.925E-04 0.000E+00 0.000E+00 1.633E-01 1.603E-01 
1.160E-01 2.918E-03 1.586E-01 9.373E-04 0.000E+00 0.000E+00 1.625E-01 1.596E-01 
1.180E-01 2.823E-03 1.580E-01 8.862E-04 0.000E+00 0.000E+00 1.617E-01 1.589E-01 
1.200E-01 2.732E-03 1.573E-01 8.386E-04 0.000E+00 0.000E+00 1.609E-01 1.582E-01 
1.220E-01 2.646E-03 1.567E-01 7.943E-04 0.000E+00 0.000E+00 1.601E-01 1.575E-01 
1.240E-01 2.563E-03 1.561E-01 7.531E-04 0.000E+00 0.000E+00 1.594E-01 1.568E-01 
1.260E-01 2.485E-03 1.555E-01 7.146E-04 0.000E+00 0.000E+00 1.587E-01 1.562E-01 
1.280E-01 2.409E-03 1.548E-01 6.787E-04 0.000E+00 0.000E+00 1.579E-01 1.555E-01 
1.300E-01 2.338E-03 1.542E-01 6.451E-04 0.000E+00 0.000E+00 1.572E-01 1.549E-01 
1.320E-01 2.269E-03 1.536E-01 6.137E-04 0.000E+00 0.000E+00 1.565E-01 1.542E-01 
1.340E-01 2.203E-03 1.530E-01 5.842E-04 0.000E+00 0.000E+00 1.558E-01 1.536E-01 
1.360E-01 2.140E-03 1.524E-01 5.566E-04 0.000E+00 0.000E+00 1.551E-01 1.530E-01 
1.380E-01 2.080E-03 1.518E-01 5.307E-04 0.000E+00 0.000E+00 1.545E-01 1.524E-01 
1.400E-01 2.022E-03 1.513E-01 5.063E-04 0.000E+00 0.000E+00 1.538E-01 1.518E-01 
1.420E-01 1.967E-03 1.507E-01 4.834E-04 0.000E+00 0.000E+00 1.531E-01 1.512E-01 
1.440E-01 1.914E-03 1.501E-01 4.619E-04 0.000E+00 0.000E+00 1.525E-01 1.506E-01 
1.460E-01 1.863E-03 1.496E-01 4.416E-04 0.000E+00 0.000E+00 1.519E-01 1.500E-01 
1.480E-01 1.814E-03 1.490E-01 4.224E-04 0.000E+00 0.000E+00 1.512E-01 1.494E-01 
1.500E-01 1.767E-03 1.485E-01 4.044E-04 0.000E+00 0.000E+00 1.506E-01 1.489E-01 
1.520E-01 1.721E-03 1.479E-01 3.873E-04 0.000E+00 0.000E+00 1.500E-01 1.483E-01 
1.540E-01 1.678E-03 1.474E-01 3.712E-04 0.000E+00 0.000E+00 1.494E-01 1.477E-01 
1.560E-01 1.636E-03 1.468E-01 3.560E-04 0.000E+00 0.000E+00 1.488E-01 1.472E-01 
1.580E-01 1.595E-03 1.463E-01 3.415E-04 0.000E+00 0.000E+00 1.482E-01 1.466E-01 
1.600E-01 1.556E-03 1.458E-01 3.279E-04 0.000E+00 0.000E+00 1.477E-01 1.461E-01 
1.620E-01 1.519E-03 1.453E-01 3.149E-04 0.000E+00 0.000E+00 1.471E-01 1.456E-01 
1.640E-01 1.482E-03 1.448E-01 3.027E-04 0.000E+00 0.000E+00 1.465E-01 1.451E-01 
1.660E-01 1.447E-03 1.442E-01 2.910E-04 0.000E+00 0.000E+00 1.460E-01 1.445E-01 
1.680E-01 1.414E-03 1.437E-01 2.799E-04 0.000E+00 0.000E+00 1.454E-01 1.440E-01 
1.700E-01 1.381E-03 1.432E-01 2.694E-04 0.000E+00 0.000E+00 1.449E-01 1.435E-01 
1.720E-01 1.350E-03 1.427E-01 2.594E-04 0.000E+00 0.000E+00 1.444E-01 1.430E-01 
1.740E-01 1.319E-03 1.423E-01 2.499E-04 0.000E+00 0.000E+00 1.438E-01 1.425E-01 
1.760E-01 1.290E-03 1.418E-01 2.409E-04 0.000E+00 0.000E+00 1.433E-01 1.420E-01 
1.780E-01 1.261E-03 1.413E-01 2.323E-04 0.000E+00 0.000E+00 1.428E-01 1.415E-01 
1.800E-01 1.234E-03 1.408E-01 2.241E-04 0.000E+00 0.000E+00 1.423E-01 1.410E-01 
1.820E-01 1.207E-03 1.403E-01 2.162E-04 0.000E+00 0.000E+00 1.418E-01 1.406E-01 
1.840E-01 1.181E-03 1.399E-01 2.088E-04 0.000E+00 0.000E+00 1.413E-01 1.401E-01 
1.860E-01 1.157E-03 1.394E-01 2.016E-04 0.000E+00 0.000E+00 1.408E-01 1.396E-01 
1.880E-01 1.132E-03 1.390E-01 1.948E-04 0.000E+00 0.000E+00 1.403E-01 1.392E-01 
1.900E-01 1.109E-03 1.385E-01 1.883E-04 0.000E+00 0.000E+00 1.398E-01 1.387E-01 
1.920E-01 1.086E-03 1.381E-01 1.821E-04 0.000E+00 0.000E+00 1.393E-01 1.382E-01 
1.940E-01 1.064E-03 1.376E-01 1.762E-04 0.000E+00 0.000E+00 1.389E-01 1.378E-01 
1.960E-01 1.043E-03 1.372E-01 1.705E-04 0.000E+00 0.000E+00 1.384E-01 1.373E-01 
1.980E-01 1.022E-03 1.367E-01 1.650E-04 0.000E+00 0.000E+00 1.379E-01 1.369E-01 
2.000E-01 1.002E-03 1.363E-01 1.598E-04 0.000E+00 0.000E+00 1.375E-01 1.365E-01 
2.020E-01 9.824E-04 1.359E-01 1.548E-04 0.000E+00 0.000E+00 1.370E-01 1.360E-01 
3.000E-01 4.482E-04 1.187E-01 4.514E-05 0.000E+00 0.000E+00 1.192E-01 1.188E-01 
4.000E-01 2.527E-04 1.064E-01 1.933E-05 0.000E+00 0.000E+00 1.067E-01 1.065E-01 
5.000E-01 1.619E-04 9.725E-02 1.042E-05 0.000E+00 0.000E+00 9.742E-02 9.726E-02 
6.000E-01 1.125E-04 8.996E-02 6.490E-06 0.000E+00 0.000E+00 9.008E-02 8.997E-02 
8.000E-01 6.331E-05 7.904E-02 3.276E-06 0.000E+00 0.000E+00 7.911E-02 7.904E-02 
1.000E+00 4.053E-05 7.108E-02 2.037E-06 0.000E+00 0.000E+00 7.112E-02 7.108E-02 
1.022E+00 3.880E-05 7.034E-02 1.892E-06 0.000E+00 0.000E+00 7.039E-02 7.035E-02 
1.250E+00 2.595E-05 6.356E-02 1.285E-06 1.449E-05 0.000E+00 6.361E-02 6.358E-02 
1.500E+00 1.802E-05 5.778E-02 9.320E-07 8.037E-05 0.000E+00 5.788E-02 5.786E-02 
2.000E+00 1.014E-05 4.930E-02 5.863E-07 3.203E-04 0.000E+00 4.963E-02 4.962E-02 
2.044E+00 9.703E-06 4.869E-02 5.672E-07 3.452E-04 0.000E+00 4.905E-02 4.904E-02 
3.000E+00 4.505E-06 3.879E-02 3.276E-07 9.166E-04 1.357E-05 3.972E-02 3.972E-02 
4.000E+00 2.534E-06 3.235E-02 2.249E-07 1.488E-03 5.540E-05 3.390E-02 3.390E-02 
5.000E+00 1.622E-06 2.794E-02 1.705E-07 1.996E-03 1.104E-04 3.005E-02 3.005E-02 
6.000E+00 1.126E-06 2.470E-02 1.371E-07 2.454E-03 1.696E-04 2.732E-02 2.732E-02 
7.000E+00 8.273E-07 2.220E-02 1.145E-07 2.861E-03 2.286E-04 2.529E-02 2.529E-02 
8.000E+00 6.336E-07 2.020E-02 9.826E-08 3.229E-03 2.860E-04 2.372E-02 2.372E-02 
9.000E+00 5.006E-07 1.857E-02 8.604E-08 3.563E-03 3.410E-04 2.247E-02 2.247E-02 
1.000E+01 4.055E-07 1.720E-02 7.651E-08 3.865E-03 3.934E-04 2.146E-02 2.146E-02 
1.100E+01 3.351E-07 1.605E-02 6.885E-08 4.141E-03 4.432E-04 2.063E-02 2.063E-02 
1.200E+01 2.816E-07 1.505E-02 6.258E-08 4.394E-03 4.902E-04 1.994E-02 1.993E-02 
1.300E+01 2.399E-07 1.418E-02 5.736E-08 4.631E-03 5.347E-04 1.934E-02 1.934E-02 
1.400E+01 2.069E-07 1.341E-02 5.294E-08 4.850E-03 5.773E-04 1.884E-02 1.884E-02 
1.500E+01 1.802E-07 1.273E-02 4.915E-08 5.054E-03 6.175E-04 1.841E-02 1.841E-02 
1.600E+01 1.584E-07 1.213E-02 4.587E-08 5.249E-03 6.559E-04 1.803E-02 1.803E-02 
1.800E+01 1.251E-07 1.108E-02 4.046E-08 5.601E-03 7.275E-04 1.741E-02 1.741E-02 
2.000E+01 1.014E-07 1.022E-02 3.618E-08 5.917E-03 7.930E-04 1.693E-02 1.693E-02 
2.200E+01 8.378E-08 9.494E-03 3.273E-08 6.208E-03 8.536E-04 1.656E-02 1.656E-02 
2.400E+01 7.039E-08 8.872E-03 2.987E-08 6.469E-03 9.095E-04 1.625E-02 1.625E-02 
2.600E+01 5.999E-08 8.329E-03 2.747E-08 6.710E-03 9.613E-04 1.600E-02 1.600E-02 
2.800E+01 5.172E-08 7.858E-03 2.543E-08 6.932E-03 1.010E-03 1.580E-02 1.580E-02 
3.000E+01 4.505E-08 7.439E-03 2.367E-08 7.138E-03 1.055E-03 1.563E-02 1.563E-02 
4.000E+01 2.534E-08 5.913E-03 1.759E-08 7.981E-03 1.247E-03 1.514E-02 1.514E-02 
5.000E+01 1.622E-08 4.936E-03 1.399E-08 8.618E-03 1.396E-03 1.495E-02 1.495E-02 
6.000E+01 1.126E-08 4.251E-03 1.161E-08 9.126E-03 1.518E-03 1.490E-02 1.490E-02 
8.000E+01 6.336E-09 3.354E-03 8.669E-09 9.895E-03 1.708E-03 1.496E-02 1.496E-02 
1.000E+02 4.054E-09 2.783E-03 6.914E-09 1.046E-02 1.851E-03 1.510E-02 1.510E-02 
1.500E+02 1.802E-09 1.982E-03 4.591E-09 1.141E-02 2.103E-03 1.549E-02 1.549E-02 
2.000E+02 1.013E-09 1.554E-03 3.437E-09 1.200E-02 2.270E-03 1.582E-02 1.582E-02 
3.000E+02 4.505E-10 1.101E-03 2.287E-09 1.272E-02 2.487E-03 1.630E-02 1.630E-02 
4.000E+02 2.534E-10 8.626E-04 1.714E-09 1.314E-02 2.623E-03 1.663E-02 1.663E-02 
5.000E+02 1.621E-10 7.141E-04 1.370E-09 1.342E-02 2.718E-03 1.686E-02 1.686E-02 
6.000E+02 1.126E-10 6.115E-04 1.141E-09 1.363E-02 2.790E-03 1.703E-02 1.703E-02 
8.000E+02 6.336E-11 4.776E-04 8.554E-10 1.391E-02 2.891E-03 1.728E-02 1.728E-02 
1.000E+03 4.054E-11 3.929E-04 6.842E-10 1.409E-02 2.959E-03 1.744E-02 1.744E-02 
1.500E+03 1.802E-11 2.744E-04 4.559E-10 1.436E-02 3.062E-03 1.769E-02 1.769E-02 
2.000E+03 1.013E-11 2.124E-04 3.419E-10 1.451E-02 3.121E-03 1.784E-02 1.784E-02 
3.000E+03 4.505E-12 1.476E-04 2.279E-10 1.467E-02 3.187E-03 1.800E-02 1.800E-02 
4.000E+03 2.534E-12 1.140E-04 1.709E-10 1.475E-02 3.225E-03 1.809E-02 1.809E-02 
5.000E+03 1.621E-12 9.321E-05 1.367E-10 1.481E-02 3.249E-03 1.815E-02 1.815E-02 
6.000E+03 1.126E-12 7.903E-05 1.139E-10 1.485E-02 3.266E-03 1.819E-02 1.819E-02 
8.000E+03 6.336E-13 6.087E-05 8.543E-11 1.490E-02 3.288E-03 1.825E-02 1.825E-02 
1.000E+04 4.054E-13 4.970E-05 6.835E-11 1.493E-02 3.303E-03 1.828E-02 1.828E-02 
1.500E+04 1.802E-13 3.435E-05 4.556E-11 1.497E-02 3.322E-03 1.833E-02 1.833E-02 
2.000E+04 1.013E-13 2.641E-05 3.417E-11 1.500E-02 3.333E-03 1.836E-02 1.836E-02 
3.000E+04 4.505E-14 1.821E-05 2.278E-11 1.502E-02 3.344E-03 1.838E-02 1.838E-02 
4.000E+04 2.534E-14 1.398E-05 1.709E-11 1.504E-02 3.351E-03 1.840E-02 1.840E-02 
5.000E+04 1.621E-14 1.139E-05 1.367E-11 1.504E-02 3.355E-03 1.841E-02 1.841E-02 
6.000E+04 1.126E-14 9.625E-06 1.139E-11 1.505E-02 3.358E-03 1.842E-02 1.842E-02 
8.000E+04 6.336E-15 7.382E-06 8.543E-12 1.505E-02 3.361E-03 1.842E-02 1.842E-02 
1.000E+05 4.054E-15 6.003E-06 6.834E-12 1.506E-02 3.363E-03 1.843E-02 1.843E-02  
