Photon    Coherent Incoher. Photoel. Nuclear  Electron Tot. w/  Tot. wo/ 
Energy    Scatter. Scatter. Absorb.  Pr. Prd. Pr. Prd. Coherent Coherent 

1.000E-03 1.335E+00 1.350E-02 3.757E+03 0.000E+00 0.000E+00 3.758E+03 3.757E+03 
1.000E-03 1.335E+00 1.350E-02 3.757E+03 0.000E+00 0.000E+00 3.758E+03 3.757E+03 
1.072E-03 1.320E+00 1.528E-02 3.120E+03 0.000E+00 0.000E+00 3.122E+03 3.120E+03 
1.072E-03 1.320E+00 1.528E-02 3.132E+03 0.000E+00 0.000E+00 3.133E+03 3.132E+03 
1.500E-03 1.229E+00 2.723E-02 1.266E+03 0.000E+00 0.000E+00 1.268E+03 1.267E+03 
2.000E-03 1.108E+00 4.244E-02 5.663E+02 0.000E+00 0.000E+00 5.675E+02 5.664E+02 
2.145E-03 1.072E+00 4.687E-02 4.637E+02 0.000E+00 0.000E+00 4.648E+02 4.638E+02 
2.145E-03 1.072E+00 4.687E-02 4.682E+02 0.000E+00 0.000E+00 4.693E+02 4.682E+02 
2.303E-03 1.033E+00 5.161E-02 3.824E+02 0.000E+00 0.000E+00 3.835E+02 3.825E+02 
2.472E-03 9.916E-01 5.660E-02 3.120E+02 0.000E+00 0.000E+00 3.131E+02 3.121E+02 
2.472E-03 9.916E-01 5.660E-02 3.157E+02 0.000E+00 0.000E+00 3.168E+02 3.158E+02 
2.641E-03 9.513E-01 6.148E-02 2.609E+02 0.000E+00 0.000E+00 2.619E+02 2.610E+02 
2.822E-03 9.094E-01 6.654E-02 2.154E+02 0.000E+00 0.000E+00 2.163E+02 2.154E+02 
2.822E-03 9.094E-01 6.654E-02 2.183E+02 0.000E+00 0.000E+00 2.192E+02 2.183E+02 
3.000E-03 8.698E-01 7.131E-02 1.830E+02 0.000E+00 0.000E+00 1.839E+02 1.830E+02 
3.607E-03 7.458E-01 8.620E-02 1.065E+02 0.000E+00 0.000E+00 1.074E+02 1.066E+02 
3.607E-03 7.458E-01 8.620E-02 1.087E+02 0.000E+00 0.000E+00 1.095E+02 1.088E+02 
4.000E-03 6.761E-01 9.463E-02 8.005E+01 0.000E+00 0.000E+00 8.083E+01 8.015E+01 
5.000E-03 5.328E-01 1.123E-01 4.112E+01 0.000E+00 0.000E+00 4.177E+01 4.124E+01 
6.000E-03 4.297E-01 1.255E-01 2.370E+01 0.000E+00 0.000E+00 2.425E+01 2.382E+01 
7.000E-03 3.546E-01 1.355E-01 1.481E+01 0.000E+00 0.000E+00 1.530E+01 1.494E+01 
8.000E-03 2.988E-01 1.431E-01 9.823E+00 0.000E+00 0.000E+00 1.027E+01 9.966E+00 
9.000E-03 2.563E-01 1.491E-01 6.825E+00 0.000E+00 0.000E+00 7.230E+00 6.974E+00 
1.000E-02 2.233E-01 1.540E-01 4.918E+00 0.000E+00 0.000E+00 5.296E+00 5.072E+00 
1.100E-02 1.969E-01 1.580E-01 3.652E+00 0.000E+00 0.000E+00 4.007E+00 3.810E+00 
1.300E-02 1.576E-01 1.643E-01 2.160E+00 0.000E+00 0.000E+00 2.482E+00 2.324E+00 
1.500E-02 1.298E-01 1.689E-01 1.373E+00 0.000E+00 0.000E+00 1.672E+00 1.542E+00 
1.700E-02 1.090E-01 1.725E-01 9.223E-01 0.000E+00 0.000E+00 1.204E+00 1.095E+00 
1.900E-02 9.292E-02 1.753E-01 6.466E-01 0.000E+00 0.000E+00 9.148E-01 8.219E-01 
2.000E-02 8.618E-02 1.765E-01 5.486E-01 0.000E+00 0.000E+00 8.112E-01 7.251E-01 
2.100E-02 8.013E-02 1.775E-01 4.691E-01 0.000E+00 0.000E+00 7.267E-01 6.466E-01 
2.300E-02 6.976E-02 1.791E-01 3.500E-01 0.000E+00 0.000E+00 5.989E-01 5.291E-01 
2.500E-02 6.124E-02 1.803E-01 2.675E-01 0.000E+00 0.000E+00 5.090E-01 4.478E-01 
2.700E-02 5.416E-02 1.812E-01 2.085E-01 0.000E+00 0.000E+00 4.439E-01 3.897E-01 
2.900E-02 4.821E-02 1.817E-01 1.654E-01 0.000E+00 0.000E+00 3.954E-01 3.472E-01 
3.000E-02 4.559E-02 1.819E-01 1.482E-01 0.000E+00 0.000E+00 3.757E-01 3.301E-01 
3.100E-02 4.317E-02 1.821E-01 1.332E-01 0.000E+00 0.000E+00 3.585E-01 3.153E-01 
3.300E-02 3.887E-02 1.823E-01 1.087E-01 0.000E+00 0.000E+00 3.298E-01 2.910E-01 
3.500E-02 3.517E-02 1.823E-01 8.976E-02 0.000E+00 0.000E+00 3.072E-01 2.720E-01 
3.700E-02 3.197E-02 1.821E-01 7.489E-02 0.000E+00 0.000E+00 2.890E-01 2.570E-01 
3.900E-02 2.918E-02 1.819E-01 6.306E-02 0.000E+00 0.000E+00 2.741E-01 2.450E-01 
4.000E-02 2.792E-02 1.817E-01 5.806E-02 0.000E+00 0.000E+00 2.677E-01 2.398E-01 
4.100E-02 2.674E-02 1.816E-01 5.356E-02 0.000E+00 0.000E+00 2.619E-01 2.351E-01 
4.300E-02 2.459E-02 1.811E-01 4.584E-02 0.000E+00 0.000E+00 2.516E-01 2.270E-01 
4.500E-02 2.270E-02 1.807E-01 3.950E-02 0.000E+00 0.000E+00 2.429E-01 2.202E-01 
4.700E-02 2.101E-02 1.801E-01 3.426E-02 0.000E+00 0.000E+00 2.354E-01 2.144E-01 
4.900E-02 1.950E-02 1.796E-01 2.988E-02 0.000E+00 0.000E+00 2.290E-01 2.095E-01 
5.000E-02 1.881E-02 1.793E-01 2.797E-02 0.000E+00 0.000E+00 2.261E-01 2.072E-01 
5.100E-02 1.815E-02 1.790E-01 2.621E-02 0.000E+00 0.000E+00 2.233E-01 2.052E-01 
5.300E-02 1.694E-02 1.783E-01 2.310E-02 0.000E+00 0.000E+00 2.184E-01 2.014E-01 
5.500E-02 1.584E-02 1.777E-01 2.046E-02 0.000E+00 0.000E+00 2.140E-01 1.981E-01 
5.700E-02 1.485E-02 1.770E-01 1.819E-02 0.000E+00 0.000E+00 2.101E-01 1.952E-01 
5.900E-02 1.394E-02 1.763E-01 1.624E-02 0.000E+00 0.000E+00 2.065E-01 1.926E-01 
6.000E-02 1.352E-02 1.760E-01 1.537E-02 0.000E+00 0.000E+00 2.049E-01 1.913E-01 
6.100E-02 1.312E-02 1.756E-01 1.456E-02 0.000E+00 0.000E+00 2.033E-01 1.902E-01 
6.300E-02 1.237E-02 1.749E-01 1.309E-02 0.000E+00 0.000E+00 2.004E-01 1.880E-01 
6.500E-02 1.167E-02 1.742E-01 1.181E-02 0.000E+00 0.000E+00 1.977E-01 1.860E-01 
6.700E-02 1.104E-02 1.735E-01 1.069E-02 0.000E+00 0.000E+00 1.952E-01 1.841E-01 
6.900E-02 1.045E-02 1.727E-01 9.708E-03 0.000E+00 0.000E+00 1.929E-01 1.824E-01 
7.100E-02 9.914E-03 1.720E-01 8.838E-03 0.000E+00 0.000E+00 1.907E-01 1.808E-01 
7.300E-02 9.414E-03 1.712E-01 8.066E-03 0.000E+00 0.000E+00 1.887E-01 1.793E-01 
7.500E-02 8.951E-03 1.705E-01 7.380E-03 0.000E+00 0.000E+00 1.868E-01 1.779E-01 
7.700E-02 8.521E-03 1.698E-01 6.769E-03 0.000E+00 0.000E+00 1.851E-01 1.765E-01 
7.900E-02 8.121E-03 1.690E-01 6.221E-03 0.000E+00 0.000E+00 1.834E-01 1.753E-01 
8.000E-02 7.931E-03 1.687E-01 5.969E-03 0.000E+00 0.000E+00 1.826E-01 1.746E-01 
8.100E-02 7.748E-03 1.683E-01 5.731E-03 0.000E+00 0.000E+00 1.818E-01 1.740E-01 
8.300E-02 7.400E-03 1.676E-01 5.289E-03 0.000E+00 0.000E+00 1.803E-01 1.729E-01 
8.500E-02 7.075E-03 1.669E-01 4.891E-03 0.000E+00 0.000E+00 1.788E-01 1.718E-01 
8.700E-02 6.771E-03 1.661E-01 4.531E-03 0.000E+00 0.000E+00 1.774E-01 1.707E-01 
8.900E-02 6.486E-03 1.654E-01 4.205E-03 0.000E+00 0.000E+00 1.761E-01 1.696E-01 
9.100E-02 6.218E-03 1.647E-01 3.909E-03 0.000E+00 0.000E+00 1.748E-01 1.686E-01 
9.300E-02 5.966E-03 1.640E-01 3.639E-03 0.000E+00 0.000E+00 1.736E-01 1.677E-01 
9.500E-02 5.730E-03 1.633E-01 3.394E-03 0.000E+00 0.000E+00 1.724E-01 1.667E-01 
9.700E-02 5.506E-03 1.626E-01 3.169E-03 0.000E+00 0.000E+00 1.713E-01 1.658E-01 
9.900E-02 5.296E-03 1.619E-01 2.964E-03 0.000E+00 0.000E+00 1.702E-01 1.649E-01 
1.000E-01 5.195E-03 1.616E-01 2.868E-03 0.000E+00 0.000E+00 1.697E-01 1.645E-01 
1.010E-01 5.097E-03 1.613E-01 2.776E-03 0.000E+00 0.000E+00 1.691E-01 1.640E-01 
1.030E-01 4.910E-03 1.606E-01 2.603E-03 0.000E+00 0.000E+00 1.681E-01 1.632E-01 
1.050E-01 4.732E-03 1.599E-01 2.444E-03 0.000E+00 0.000E+00 1.671E-01 1.624E-01 
1.070E-01 4.564E-03 1.592E-01 2.297E-03 0.000E+00 0.000E+00 1.661E-01 1.615E-01 
1.090E-01 4.404E-03 1.586E-01 2.162E-03 0.000E+00 0.000E+00 1.652E-01 1.608E-01 
1.110E-01 4.253E-03 1.579E-01 2.037E-03 0.000E+00 0.000E+00 1.642E-01 1.600E-01 
1.130E-01 4.109E-03 1.573E-01 1.921E-03 0.000E+00 0.000E+00 1.633E-01 1.592E-01 
1.150E-01 3.973E-03 1.567E-01 1.814E-03 0.000E+00 0.000E+00 1.624E-01 1.585E-01 
1.170E-01 3.843E-03 1.560E-01 1.714E-03 0.000E+00 0.000E+00 1.616E-01 1.577E-01 
1.190E-01 3.719E-03 1.554E-01 1.622E-03 0.000E+00 0.000E+00 1.607E-01 1.570E-01 
1.210E-01 3.601E-03 1.548E-01 1.536E-03 0.000E+00 0.000E+00 1.599E-01 1.563E-01 
1.230E-01 3.489E-03 1.542E-01 1.456E-03 0.000E+00 0.000E+00 1.591E-01 1.556E-01 
1.250E-01 3.381E-03 1.535E-01 1.381E-03 0.000E+00 0.000E+00 1.583E-01 1.549E-01 
1.270E-01 3.279E-03 1.529E-01 1.311E-03 0.000E+00 0.000E+00 1.575E-01 1.543E-01 
1.290E-01 3.181E-03 1.523E-01 1.246E-03 0.000E+00 0.000E+00 1.568E-01 1.536E-01 
1.310E-01 3.087E-03 1.518E-01 1.185E-03 0.000E+00 0.000E+00 1.560E-01 1.529E-01 
1.330E-01 2.998E-03 1.512E-01 1.128E-03 0.000E+00 0.000E+00 1.553E-01 1.523E-01 
1.350E-01 2.912E-03 1.506E-01 1.075E-03 0.000E+00 0.000E+00 1.546E-01 1.517E-01 
1.370E-01 2.830E-03 1.500E-01 1.024E-03 0.000E+00 0.000E+00 1.539E-01 1.510E-01 
1.390E-01 2.751E-03 1.494E-01 9.772E-04 0.000E+00 0.000E+00 1.532E-01 1.504E-01 
1.410E-01 2.676E-03 1.489E-01 9.328E-04 0.000E+00 0.000E+00 1.525E-01 1.498E-01 
1.430E-01 2.603E-03 1.483E-01 8.910E-04 0.000E+00 0.000E+00 1.518E-01 1.492E-01 
1.450E-01 2.534E-03 1.478E-01 8.517E-04 0.000E+00 0.000E+00 1.512E-01 1.486E-01 
1.470E-01 2.467E-03 1.472E-01 8.147E-04 0.000E+00 0.000E+00 1.505E-01 1.480E-01 
1.490E-01 2.403E-03 1.467E-01 7.797E-04 0.000E+00 0.000E+00 1.499E-01 1.475E-01 
1.500E-01 2.371E-03 1.464E-01 7.630E-04 0.000E+00 0.000E+00 1.495E-01 1.472E-01 
1.510E-01 2.341E-03 1.461E-01 7.467E-04 0.000E+00 0.000E+00 1.492E-01 1.469E-01 
1.530E-01 2.281E-03 1.456E-01 7.155E-04 0.000E+00 0.000E+00 1.486E-01 1.463E-01 
1.550E-01 2.224E-03 1.451E-01 6.861E-04 0.000E+00 0.000E+00 1.480E-01 1.458E-01 
1.570E-01 2.169E-03 1.446E-01 6.582E-04 0.000E+00 0.000E+00 1.474E-01 1.452E-01 
1.590E-01 2.116E-03 1.440E-01 6.318E-04 0.000E+00 0.000E+00 1.468E-01 1.447E-01 
1.610E-01 2.065E-03 1.435E-01 6.068E-04 0.000E+00 0.000E+00 1.462E-01 1.441E-01 
1.630E-01 2.015E-03 1.430E-01 5.830E-04 0.000E+00 0.000E+00 1.456E-01 1.436E-01 
1.650E-01 1.968E-03 1.425E-01 5.605E-04 0.000E+00 0.000E+00 1.451E-01 1.431E-01 
1.670E-01 1.922E-03 1.420E-01 5.391E-04 0.000E+00 0.000E+00 1.445E-01 1.426E-01 
1.690E-01 1.877E-03 1.415E-01 5.189E-04 0.000E+00 0.000E+00 1.439E-01 1.421E-01 
1.710E-01 1.835E-03 1.410E-01 4.996E-04 0.000E+00 0.000E+00 1.434E-01 1.415E-01 
1.730E-01 1.793E-03 1.406E-01 4.812E-04 0.000E+00 0.000E+00 1.428E-01 1.410E-01 
1.750E-01 1.753E-03 1.401E-01 4.637E-04 0.000E+00 0.000E+00 1.423E-01 1.406E-01 
1.770E-01 1.714E-03 1.396E-01 4.471E-04 0.000E+00 0.000E+00 1.418E-01 1.401E-01 
1.790E-01 1.677E-03 1.391E-01 4.313E-04 0.000E+00 0.000E+00 1.413E-01 1.396E-01 
1.810E-01 1.641E-03 1.387E-01 4.162E-04 0.000E+00 0.000E+00 1.407E-01 1.391E-01 
1.830E-01 1.605E-03 1.382E-01 4.018E-04 0.000E+00 0.000E+00 1.402E-01 1.386E-01 
1.850E-01 1.571E-03 1.378E-01 3.880E-04 0.000E+00 0.000E+00 1.397E-01 1.382E-01 
1.870E-01 1.539E-03 1.373E-01 3.749E-04 0.000E+00 0.000E+00 1.392E-01 1.377E-01 
1.890E-01 1.507E-03 1.369E-01 3.623E-04 0.000E+00 0.000E+00 1.387E-01 1.372E-01 
1.910E-01 1.476E-03 1.364E-01 3.504E-04 0.000E+00 0.000E+00 1.382E-01 1.368E-01 
1.930E-01 1.446E-03 1.360E-01 3.389E-04 0.000E+00 0.000E+00 1.378E-01 1.363E-01 
1.950E-01 1.417E-03 1.355E-01 3.279E-04 0.000E+00 0.000E+00 1.373E-01 1.359E-01 
1.970E-01 1.388E-03 1.351E-01 3.174E-04 0.000E+00 0.000E+00 1.368E-01 1.354E-01 
1.990E-01 1.361E-03 1.347E-01 3.074E-04 0.000E+00 0.000E+00 1.364E-01 1.350E-01 
2.000E-01 1.348E-03 1.345E-01 3.025E-04 0.000E+00 0.000E+00 1.361E-01 1.348E-01 
3.000E-01 6.037E-04 1.172E-01 8.583E-05 0.000E+00 0.000E+00 1.179E-01 1.173E-01 
4.000E-01 3.406E-04 1.051E-01 3.683E-05 0.000E+00 0.000E+00 1.054E-01 1.051E-01 
5.000E-01 2.183E-04 9.600E-02 1.988E-05 0.000E+00 0.000E+00 9.624E-02 9.602E-02 
6.000E-01 1.517E-04 8.882E-02 1.239E-05 0.000E+00 0.000E+00 8.898E-02 8.883E-02 
8.000E-01 8.539E-05 7.805E-02 6.258E-06 0.000E+00 0.000E+00 7.814E-02 7.806E-02 
1.000E+00 5.466E-05 7.020E-02 3.891E-06 0.000E+00 0.000E+00 7.026E-02 7.020E-02 
1.022E+00 5.234E-05 6.946E-02 3.632E-06 0.000E+00 0.000E+00 6.951E-02 6.946E-02 
1.250E+00 3.500E-05 6.277E-02 2.465E-06 1.738E-05 0.000E+00 6.282E-02 6.279E-02 
1.500E+00 2.430E-05 5.705E-02 1.788E-06 9.604E-05 0.000E+00 5.717E-02 5.714E-02 
2.000E+00 1.367E-05 4.869E-02 1.123E-06 3.822E-04 0.000E+00 4.909E-02 4.907E-02 
2.044E+00 1.309E-05 4.808E-02 1.086E-06 4.119E-04 0.000E+00 4.850E-02 4.849E-02 
3.000E+00 6.077E-06 3.830E-02 6.257E-07 1.092E-03 1.340E-05 3.941E-02 3.941E-02 
4.000E+00 3.419E-06 3.195E-02 4.288E-07 1.772E-03 5.471E-05 3.378E-02 3.378E-02 
5.000E+00 2.188E-06 2.759E-02 3.248E-07 2.377E-03 1.090E-04 3.008E-02 3.008E-02 
6.000E+00 1.519E-06 2.439E-02 2.609E-07 2.921E-03 1.674E-04 2.748E-02 2.747E-02 
7.000E+00 1.116E-06 2.192E-02 2.179E-07 3.405E-03 2.258E-04 2.555E-02 2.555E-02 
8.000E+00 8.546E-07 1.995E-02 1.869E-07 3.840E-03 2.824E-04 2.407E-02 2.407E-02 
9.000E+00 6.753E-07 1.834E-02 1.636E-07 4.238E-03 3.367E-04 2.291E-02 2.291E-02 
1.000E+01 5.470E-07 1.699E-02 1.454E-07 4.596E-03 3.885E-04 2.198E-02 2.198E-02 
1.100E+01 4.520E-07 1.585E-02 1.308E-07 4.923E-03 4.376E-04 2.121E-02 2.121E-02 
1.200E+01 3.798E-07 1.486E-02 1.189E-07 5.224E-03 4.841E-04 2.057E-02 2.057E-02 
1.300E+01 3.236E-07 1.400E-02 1.090E-07 5.504E-03 5.280E-04 2.003E-02 2.003E-02 
1.400E+01 2.790E-07 1.324E-02 1.005E-07 5.763E-03 5.700E-04 1.958E-02 1.958E-02 
1.500E+01 2.431E-07 1.257E-02 9.333E-08 6.006E-03 6.095E-04 1.919E-02 1.919E-02 
1.600E+01 2.136E-07 1.198E-02 8.708E-08 6.236E-03 6.477E-04 1.886E-02 1.886E-02 
1.800E+01 1.688E-07 1.094E-02 7.680E-08 6.654E-03 7.183E-04 1.832E-02 1.832E-02 
2.000E+01 1.367E-07 1.009E-02 6.867E-08 7.029E-03 7.828E-04 1.790E-02 1.790E-02 
2.200E+01 1.130E-07 9.374E-03 6.211E-08 7.371E-03 8.425E-04 1.759E-02 1.759E-02 
2.400E+01 9.496E-08 8.760E-03 5.668E-08 7.681E-03 8.975E-04 1.734E-02 1.734E-02 
2.600E+01 8.092E-08 8.225E-03 5.213E-08 7.965E-03 9.487E-04 1.714E-02 1.714E-02 
2.800E+01 6.975E-08 7.759E-03 4.824E-08 8.228E-03 9.966E-04 1.698E-02 1.698E-02 
3.000E+01 6.077E-08 7.347E-03 4.491E-08 8.472E-03 1.041E-03 1.686E-02 1.686E-02 
4.000E+01 3.419E-08 5.838E-03 3.335E-08 9.464E-03 1.230E-03 1.653E-02 1.653E-02 
5.000E+01 2.188E-08 4.874E-03 2.652E-08 1.022E-02 1.376E-03 1.647E-02 1.647E-02 
6.000E+01 1.519E-08 4.197E-03 2.202E-08 1.082E-02 1.496E-03 1.651E-02 1.651E-02 
8.000E+01 8.546E-09 3.312E-03 1.643E-08 1.173E-02 1.682E-03 1.672E-02 1.672E-02 
1.000E+02 5.470E-09 2.749E-03 1.311E-08 1.239E-02 1.823E-03 1.696E-02 1.696E-02 
1.500E+02 2.431E-09 1.957E-03 8.702E-09 1.350E-02 2.068E-03 1.752E-02 1.752E-02 
2.000E+02 1.367E-09 1.535E-03 6.515E-09 1.418E-02 2.230E-03 1.795E-02 1.795E-02 
3.000E+02 6.077E-10 1.088E-03 4.333E-09 1.501E-02 2.438E-03 1.853E-02 1.853E-02 
4.000E+02 3.419E-10 8.519E-04 3.248E-09 1.549E-02 2.568E-03 1.891E-02 1.891E-02 
5.000E+02 2.187E-10 7.052E-04 2.596E-09 1.581E-02 2.659E-03 1.917E-02 1.917E-02 
6.000E+02 1.519E-10 6.040E-04 2.163E-09 1.604E-02 2.727E-03 1.937E-02 1.937E-02 
8.000E+02 8.546E-11 4.716E-04 1.621E-09 1.635E-02 2.822E-03 1.965E-02 1.965E-02 
1.000E+03 5.470E-11 3.880E-04 1.297E-09 1.656E-02 2.886E-03 1.983E-02 1.983E-02 
1.500E+03 2.431E-11 2.710E-04 8.641E-10 1.685E-02 2.983E-03 2.011E-02 2.011E-02 
2.000E+03 1.367E-11 2.097E-04 6.479E-10 1.702E-02 3.038E-03 2.026E-02 2.026E-02 
3.000E+03 6.077E-12 1.458E-04 4.319E-10 1.719E-02 3.099E-03 2.044E-02 2.044E-02 
4.000E+03 3.419E-12 1.125E-04 3.239E-10 1.729E-02 3.134E-03 2.054E-02 2.054E-02 
5.000E+03 2.187E-12 9.204E-05 2.591E-10 1.735E-02 3.156E-03 2.060E-02 2.060E-02 
6.000E+03 1.519E-12 7.805E-05 2.159E-10 1.739E-02 3.172E-03 2.064E-02 2.064E-02 
8.000E+03 8.546E-13 6.011E-05 1.619E-10 1.745E-02 3.193E-03 2.070E-02 2.070E-02 
1.000E+04 5.470E-13 4.907E-05 1.295E-10 1.748E-02 3.206E-03 2.074E-02 2.074E-02 
1.500E+04 2.431E-13 3.392E-05 8.634E-11 1.753E-02 3.224E-03 2.079E-02 2.079E-02 
2.000E+04 1.367E-13 2.608E-05 6.476E-11 1.756E-02 3.234E-03 2.082E-02 2.082E-02 
3.000E+04 6.077E-14 1.799E-05 4.318E-11 1.758E-02 3.244E-03 2.085E-02 2.085E-02 
4.000E+04 3.419E-14 1.381E-05 3.238E-11 1.760E-02 3.251E-03 2.086E-02 2.086E-02 
5.000E+04 2.187E-14 1.125E-05 2.590E-11 1.761E-02 3.254E-03 2.087E-02 2.087E-02 
6.000E+04 1.519E-14 9.506E-06 2.158E-11 1.761E-02 3.257E-03 2.088E-02 2.088E-02 
8.000E+04 8.546E-15 7.290E-06 1.619E-11 1.762E-02 3.260E-03 2.089E-02 2.089E-02 
1.000E+05 5.470E-15 5.928E-06 1.295E-11 1.763E-02 3.262E-03 2.089E-02 2.089E-02 