Photon    Coherent Incoher. Photoel. Nuclear  Electron Tot. w/  Tot. wo/ 
Energy    Scatter. Scatter. Absorb.  Pr. Prd. Pr. Prd. Coherent Coherent 

1.000E-03 1.347E+00 1.336E-02 3.801E+03 0.000E+00 0.000E+00 3.802E+03 3.801E+03 
1.000E-03 1.347E+00 1.336E-02 3.801E+03 0.000E+00 0.000E+00 3.802E+03 3.801E+03 
1.072E-03 1.332E+00 1.511E-02 3.157E+03 0.000E+00 0.000E+00 3.159E+03 3.157E+03 
1.072E-03 1.332E+00 1.511E-02 3.169E+03 0.000E+00 0.000E+00 3.170E+03 3.169E+03 
1.500E-03 1.241E+00 2.695E-02 1.282E+03 0.000E+00 0.000E+00 1.283E+03 1.282E+03 
2.000E-03 1.119E+00 4.204E-02 5.735E+02 0.000E+00 0.000E+00 5.747E+02 5.736E+02 
2.145E-03 1.083E+00 4.644E-02 4.696E+02 0.000E+00 0.000E+00 4.708E+02 4.697E+02 
2.145E-03 1.083E+00 4.644E-02 4.741E+02 0.000E+00 0.000E+00 4.752E+02 4.741E+02 
2.303E-03 1.044E+00 5.114E-02 3.873E+02 0.000E+00 0.000E+00 3.884E+02 3.873E+02 
2.472E-03 1.002E+00 5.611E-02 3.160E+02 0.000E+00 0.000E+00 3.171E+02 3.161E+02 
2.472E-03 1.002E+00 5.611E-02 3.216E+02 0.000E+00 0.000E+00 3.226E+02 3.216E+02 
2.641E-03 9.619E-01 6.096E-02 2.658E+02 0.000E+00 0.000E+00 2.668E+02 2.659E+02 
2.822E-03 9.198E-01 6.599E-02 2.195E+02 0.000E+00 0.000E+00 2.205E+02 2.196E+02 
2.822E-03 9.198E-01 6.599E-02 2.239E+02 0.000E+00 0.000E+00 2.249E+02 2.239E+02 
3.000E-03 8.798E-01 7.074E-02 1.878E+02 0.000E+00 0.000E+00 1.888E+02 1.879E+02 
3.607E-03 7.548E-01 8.557E-02 1.095E+02 0.000E+00 0.000E+00 1.104E+02 1.096E+02 
3.607E-03 7.548E-01 8.557E-02 1.117E+02 0.000E+00 0.000E+00 1.125E+02 1.117E+02 
4.000E-03 6.844E-01 9.398E-02 8.228E+01 0.000E+00 0.000E+00 8.306E+01 8.237E+01 
5.000E-03 5.396E-01 1.116E-01 4.232E+01 0.000E+00 0.000E+00 4.297E+01 4.243E+01 
6.000E-03 4.353E-01 1.248E-01 2.441E+01 0.000E+00 0.000E+00 2.497E+01 2.454E+01 
7.000E-03 3.593E-01 1.348E-01 1.527E+01 0.000E+00 0.000E+00 1.576E+01 1.540E+01 
8.000E-03 3.027E-01 1.425E-01 1.013E+01 0.000E+00 0.000E+00 1.058E+01 1.028E+01 
9.000E-03 2.597E-01 1.485E-01 7.046E+00 0.000E+00 0.000E+00 7.454E+00 7.194E+00 
1.000E-02 2.262E-01 1.534E-01 5.080E+00 0.000E+00 0.000E+00 5.460E+00 5.234E+00 
1.100E-02 1.995E-01 1.574E-01 3.774E+00 0.000E+00 0.000E+00 4.131E+00 3.931E+00 
1.300E-02 1.597E-01 1.637E-01 2.234E+00 0.000E+00 0.000E+00 2.557E+00 2.397E+00 
1.500E-02 1.315E-01 1.684E-01 1.421E+00 0.000E+00 0.000E+00 1.721E+00 1.590E+00 
1.700E-02 1.104E-01 1.720E-01 9.552E-01 0.000E+00 0.000E+00 1.238E+00 1.127E+00 
1.900E-02 9.413E-02 1.748E-01 6.699E-01 0.000E+00 0.000E+00 9.388E-01 8.447E-01 
2.000E-02 8.730E-02 1.759E-01 5.685E-01 0.000E+00 0.000E+00 8.318E-01 7.445E-01 
2.100E-02 8.117E-02 1.769E-01 4.862E-01 0.000E+00 0.000E+00 7.443E-01 6.632E-01 
2.300E-02 7.067E-02 1.786E-01 3.630E-01 0.000E+00 0.000E+00 6.122E-01 5.416E-01 
2.500E-02 6.204E-02 1.798E-01 2.775E-01 0.000E+00 0.000E+00 5.193E-01 4.573E-01 
2.700E-02 5.487E-02 1.807E-01 2.164E-01 0.000E+00 0.000E+00 4.519E-01 3.971E-01 
2.900E-02 4.885E-02 1.813E-01 1.717E-01 0.000E+00 0.000E+00 4.018E-01 3.530E-01 
3.000E-02 4.620E-02 1.815E-01 1.538E-01 0.000E+00 0.000E+00 3.815E-01 3.353E-01 
3.100E-02 4.375E-02 1.816E-01 1.383E-01 0.000E+00 0.000E+00 3.637E-01 3.199E-01 
3.300E-02 3.939E-02 1.818E-01 1.129E-01 0.000E+00 0.000E+00 3.341E-01 2.947E-01 
3.500E-02 3.564E-02 1.818E-01 9.324E-02 0.000E+00 0.000E+00 3.107E-01 2.750E-01 
3.700E-02 3.240E-02 1.817E-01 7.781E-02 0.000E+00 0.000E+00 2.919E-01 2.595E-01 
3.900E-02 2.958E-02 1.814E-01 6.554E-02 0.000E+00 0.000E+00 2.766E-01 2.470E-01 
4.000E-02 2.830E-02 1.813E-01 6.035E-02 0.000E+00 0.000E+00 2.699E-01 2.416E-01 
4.100E-02 2.711E-02 1.811E-01 5.567E-02 0.000E+00 0.000E+00 2.639E-01 2.368E-01 
4.300E-02 2.493E-02 1.807E-01 4.765E-02 0.000E+00 0.000E+00 2.533E-01 2.284E-01 
4.500E-02 2.301E-02 1.803E-01 4.107E-02 0.000E+00 0.000E+00 2.443E-01 2.213E-01 
4.700E-02 2.130E-02 1.797E-01 3.563E-02 0.000E+00 0.000E+00 2.367E-01 2.154E-01 
4.900E-02 1.978E-02 1.792E-01 3.108E-02 0.000E+00 0.000E+00 2.300E-01 2.103E-01 
5.000E-02 1.907E-02 1.789E-01 2.909E-02 0.000E+00 0.000E+00 2.270E-01 2.080E-01 
5.100E-02 1.841E-02 1.786E-01 2.727E-02 0.000E+00 0.000E+00 2.242E-01 2.058E-01 
5.300E-02 1.718E-02 1.779E-01 2.404E-02 0.000E+00 0.000E+00 2.192E-01 2.020E-01 
5.500E-02 1.606E-02 1.773E-01 2.129E-02 0.000E+00 0.000E+00 2.146E-01 1.986E-01 
5.700E-02 1.506E-02 1.766E-01 1.893E-02 0.000E+00 0.000E+00 2.106E-01 1.956E-01 
5.900E-02 1.414E-02 1.759E-01 1.691E-02 0.000E+00 0.000E+00 2.070E-01 1.928E-01 
6.000E-02 1.371E-02 1.756E-01 1.600E-02 0.000E+00 0.000E+00 2.053E-01 1.916E-01 
6.100E-02 1.331E-02 1.752E-01 1.515E-02 0.000E+00 0.000E+00 2.037E-01 1.904E-01 
6.300E-02 1.254E-02 1.745E-01 1.363E-02 0.000E+00 0.000E+00 2.007E-01 1.882E-01 
6.500E-02 1.184E-02 1.738E-01 1.230E-02 0.000E+00 0.000E+00 1.980E-01 1.861E-01 
6.700E-02 1.120E-02 1.731E-01 1.114E-02 0.000E+00 0.000E+00 1.954E-01 1.842E-01 
6.900E-02 1.060E-02 1.724E-01 1.011E-02 0.000E+00 0.000E+00 1.931E-01 1.825E-01 
7.100E-02 1.006E-02 1.716E-01 9.204E-03 0.000E+00 0.000E+00 1.909E-01 1.808E-01 
7.300E-02 9.549E-03 1.709E-01 8.402E-03 0.000E+00 0.000E+00 1.888E-01 1.793E-01 
7.500E-02 9.079E-03 1.702E-01 7.688E-03 0.000E+00 0.000E+00 1.869E-01 1.778E-01 
7.700E-02 8.643E-03 1.694E-01 7.051E-03 0.000E+00 0.000E+00 1.851E-01 1.765E-01 
7.900E-02 8.237E-03 1.687E-01 6.482E-03 0.000E+00 0.000E+00 1.834E-01 1.752E-01 
8.000E-02 8.045E-03 1.683E-01 6.220E-03 0.000E+00 0.000E+00 1.826E-01 1.746E-01 
8.100E-02 7.860E-03 1.680E-01 5.971E-03 0.000E+00 0.000E+00 1.818E-01 1.739E-01 
8.300E-02 7.507E-03 1.672E-01 5.511E-03 0.000E+00 0.000E+00 1.803E-01 1.728E-01 
8.500E-02 7.177E-03 1.665E-01 5.097E-03 0.000E+00 0.000E+00 1.788E-01 1.716E-01 
8.700E-02 6.869E-03 1.658E-01 4.722E-03 0.000E+00 0.000E+00 1.774E-01 1.705E-01 
8.900E-02 6.579E-03 1.651E-01 4.382E-03 0.000E+00 0.000E+00 1.761E-01 1.695E-01 
9.100E-02 6.308E-03 1.644E-01 4.074E-03 0.000E+00 0.000E+00 1.748E-01 1.685E-01 
9.300E-02 6.053E-03 1.637E-01 3.794E-03 0.000E+00 0.000E+00 1.735E-01 1.675E-01 
9.500E-02 5.813E-03 1.630E-01 3.538E-03 0.000E+00 0.000E+00 1.723E-01 1.665E-01 
9.700E-02 5.586E-03 1.623E-01 3.304E-03 0.000E+00 0.000E+00 1.712E-01 1.656E-01 
9.900E-02 5.373E-03 1.616E-01 3.090E-03 0.000E+00 0.000E+00 1.701E-01 1.647E-01 
1.000E-01 5.271E-03 1.613E-01 2.990E-03 0.000E+00 0.000E+00 1.695E-01 1.643E-01 
1.010E-01 5.172E-03 1.609E-01 2.894E-03 0.000E+00 0.000E+00 1.690E-01 1.638E-01 
1.030E-01 4.981E-03 1.603E-01 2.714E-03 0.000E+00 0.000E+00 1.680E-01 1.630E-01 
1.050E-01 4.801E-03 1.596E-01 2.548E-03 0.000E+00 0.000E+00 1.669E-01 1.621E-01 
1.070E-01 4.630E-03 1.589E-01 2.395E-03 0.000E+00 0.000E+00 1.660E-01 1.613E-01 
1.090E-01 4.469E-03 1.583E-01 2.254E-03 0.000E+00 0.000E+00 1.650E-01 1.605E-01 
1.110E-01 4.315E-03 1.576E-01 2.124E-03 0.000E+00 0.000E+00 1.641E-01 1.598E-01 
1.130E-01 4.169E-03 1.570E-01 2.004E-03 0.000E+00 0.000E+00 1.632E-01 1.590E-01 
1.150E-01 4.031E-03 1.563E-01 1.892E-03 0.000E+00 0.000E+00 1.623E-01 1.582E-01 
1.170E-01 3.899E-03 1.557E-01 1.788E-03 0.000E+00 0.000E+00 1.614E-01 1.575E-01 
1.190E-01 3.773E-03 1.551E-01 1.692E-03 0.000E+00 0.000E+00 1.606E-01 1.568E-01 
1.210E-01 3.654E-03 1.545E-01 1.602E-03 0.000E+00 0.000E+00 1.597E-01 1.561E-01 
1.230E-01 3.540E-03 1.539E-01 1.519E-03 0.000E+00 0.000E+00 1.589E-01 1.554E-01 
1.250E-01 3.431E-03 1.533E-01 1.441E-03 0.000E+00 0.000E+00 1.581E-01 1.547E-01 
1.270E-01 3.327E-03 1.526E-01 1.368E-03 0.000E+00 0.000E+00 1.573E-01 1.540E-01 
1.290E-01 3.228E-03 1.521E-01 1.300E-03 0.000E+00 0.000E+00 1.566E-01 1.534E-01 
1.310E-01 3.133E-03 1.515E-01 1.237E-03 0.000E+00 0.000E+00 1.558E-01 1.527E-01 
1.330E-01 3.042E-03 1.509E-01 1.177E-03 0.000E+00 0.000E+00 1.551E-01 1.521E-01 
1.350E-01 2.955E-03 1.503E-01 1.121E-03 0.000E+00 0.000E+00 1.544E-01 1.514E-01 
1.370E-01 2.872E-03 1.497E-01 1.069E-03 0.000E+00 0.000E+00 1.537E-01 1.508E-01 
1.390E-01 2.792E-03 1.492E-01 1.020E-03 0.000E+00 0.000E+00 1.530E-01 1.502E-01 
1.410E-01 2.715E-03 1.486E-01 9.734E-04 0.000E+00 0.000E+00 1.523E-01 1.496E-01 
1.430E-01 2.642E-03 1.480E-01 9.299E-04 0.000E+00 0.000E+00 1.516E-01 1.490E-01 
1.450E-01 2.571E-03 1.475E-01 8.889E-04 0.000E+00 0.000E+00 1.509E-01 1.484E-01 
1.470E-01 2.503E-03 1.469E-01 8.502E-04 0.000E+00 0.000E+00 1.503E-01 1.478E-01 
1.490E-01 2.438E-03 1.464E-01 8.138E-04 0.000E+00 0.000E+00 1.497E-01 1.472E-01 
1.500E-01 2.406E-03 1.461E-01 7.963E-04 0.000E+00 0.000E+00 1.493E-01 1.469E-01 
1.510E-01 2.375E-03 1.459E-01 7.794E-04 0.000E+00 0.000E+00 1.490E-01 1.466E-01 
1.530E-01 2.315E-03 1.453E-01 7.469E-04 0.000E+00 0.000E+00 1.484E-01 1.461E-01 
1.550E-01 2.257E-03 1.448E-01 7.161E-04 0.000E+00 0.000E+00 1.478E-01 1.455E-01 
1.570E-01 2.201E-03 1.443E-01 6.870E-04 0.000E+00 0.000E+00 1.472E-01 1.450E-01 
1.590E-01 2.147E-03 1.438E-01 6.595E-04 0.000E+00 0.000E+00 1.466E-01 1.444E-01 
1.610E-01 2.095E-03 1.433E-01 6.334E-04 0.000E+00 0.000E+00 1.460E-01 1.439E-01 
1.630E-01 2.045E-03 1.428E-01 6.086E-04 0.000E+00 0.000E+00 1.454E-01 1.434E-01 
1.650E-01 1.997E-03 1.423E-01 5.851E-04 0.000E+00 0.000E+00 1.448E-01 1.428E-01 
1.670E-01 1.950E-03 1.418E-01 5.629E-04 0.000E+00 0.000E+00 1.443E-01 1.423E-01 
1.690E-01 1.905E-03 1.413E-01 5.417E-04 0.000E+00 0.000E+00 1.437E-01 1.418E-01 
1.710E-01 1.862E-03 1.408E-01 5.215E-04 0.000E+00 0.000E+00 1.432E-01 1.413E-01 
1.730E-01 1.820E-03 1.403E-01 5.024E-04 0.000E+00 0.000E+00 1.426E-01 1.408E-01 
1.750E-01 1.779E-03 1.398E-01 4.842E-04 0.000E+00 0.000E+00 1.421E-01 1.403E-01 
1.770E-01 1.740E-03 1.394E-01 4.668E-04 0.000E+00 0.000E+00 1.416E-01 1.398E-01 
1.790E-01 1.702E-03 1.389E-01 4.503E-04 0.000E+00 0.000E+00 1.410E-01 1.393E-01 
1.810E-01 1.665E-03 1.384E-01 4.345E-04 0.000E+00 0.000E+00 1.405E-01 1.389E-01 
1.830E-01 1.629E-03 1.380E-01 4.195E-04 0.000E+00 0.000E+00 1.400E-01 1.384E-01 
1.850E-01 1.595E-03 1.375E-01 4.052E-04 0.000E+00 0.000E+00 1.395E-01 1.379E-01 
1.870E-01 1.561E-03 1.371E-01 3.915E-04 0.000E+00 0.000E+00 1.390E-01 1.374E-01 
1.890E-01 1.529E-03 1.366E-01 3.784E-04 0.000E+00 0.000E+00 1.385E-01 1.370E-01 
1.910E-01 1.498E-03 1.362E-01 3.659E-04 0.000E+00 0.000E+00 1.380E-01 1.365E-01 
1.930E-01 1.467E-03 1.357E-01 3.539E-04 0.000E+00 0.000E+00 1.375E-01 1.361E-01 
1.950E-01 1.438E-03 1.353E-01 3.425E-04 0.000E+00 0.000E+00 1.371E-01 1.356E-01 
1.970E-01 1.409E-03 1.349E-01 3.315E-04 0.000E+00 0.000E+00 1.366E-01 1.352E-01 
1.990E-01 1.381E-03 1.344E-01 3.210E-04 0.000E+00 0.000E+00 1.361E-01 1.348E-01 
2.000E-01 1.368E-03 1.342E-01 3.160E-04 0.000E+00 0.000E+00 1.359E-01 1.345E-01 
3.000E-01 6.128E-04 1.170E-01 8.970E-05 0.000E+00 0.000E+00 1.177E-01 1.170E-01 
4.000E-01 3.457E-04 1.049E-01 3.851E-05 0.000E+00 0.000E+00 1.053E-01 1.049E-01 
5.000E-01 2.216E-04 9.583E-02 2.079E-05 0.000E+00 0.000E+00 9.607E-02 9.585E-02 
6.000E-01 1.540E-04 8.865E-02 1.296E-05 0.000E+00 0.000E+00 8.882E-02 8.867E-02 
8.000E-01 8.668E-05 7.791E-02 6.547E-06 0.000E+00 0.000E+00 7.800E-02 7.792E-02 
1.000E+00 5.549E-05 7.007E-02 4.070E-06 0.000E+00 0.000E+00 7.013E-02 7.008E-02 
1.022E+00 5.314E-05 6.933E-02 3.801E-06 0.000E+00 0.000E+00 6.939E-02 6.934E-02 
1.250E+00 3.553E-05 6.265E-02 2.580E-06 1.753E-05 0.000E+00 6.271E-02 6.267E-02 
1.500E+00 2.467E-05 5.694E-02 1.871E-06 9.689E-05 0.000E+00 5.706E-02 5.704E-02 
2.000E+00 1.388E-05 4.860E-02 1.174E-06 3.855E-04 0.000E+00 4.900E-02 4.899E-02 
2.044E+00 1.329E-05 4.799E-02 1.136E-06 4.155E-04 0.000E+00 4.842E-02 4.841E-02 
3.000E+00 6.169E-06 3.823E-02 6.542E-07 1.102E-03 1.338E-05 3.935E-02 3.935E-02 
4.000E+00 3.471E-06 3.189E-02 4.483E-07 1.787E-03 5.461E-05 3.374E-02 3.373E-02 
5.000E+00 2.221E-06 2.754E-02 3.395E-07 2.397E-03 1.088E-04 3.005E-02 3.005E-02 
6.000E+00 1.542E-06 2.434E-02 2.727E-07 2.946E-03 1.671E-04 2.746E-02 2.745E-02 
7.000E+00 1.133E-06 2.188E-02 2.277E-07 3.434E-03 2.253E-04 2.554E-02 2.554E-02 
8.000E+00 8.675E-07 1.991E-02 1.952E-07 3.873E-03 2.819E-04 2.407E-02 2.407E-02 
9.000E+00 6.855E-07 1.830E-02 1.709E-07 4.274E-03 3.361E-04 2.292E-02 2.291E-02 
1.000E+01 5.552E-07 1.696E-02 1.519E-07 4.635E-03 3.878E-04 2.198E-02 2.198E-02 
1.100E+01 4.588E-07 1.582E-02 1.367E-07 4.965E-03 4.368E-04 2.122E-02 2.122E-02 
1.200E+01 3.855E-07 1.483E-02 1.242E-07 5.268E-03 4.832E-04 2.059E-02 2.059E-02 
1.300E+01 3.285E-07 1.397E-02 1.138E-07 5.550E-03 5.271E-04 2.005E-02 2.005E-02 
1.400E+01 2.833E-07 1.322E-02 1.050E-07 5.812E-03 5.689E-04 1.960E-02 1.960E-02 
1.500E+01 2.468E-07 1.255E-02 9.749E-08 6.057E-03 6.084E-04 1.922E-02 1.922E-02 
1.600E+01 2.169E-07 1.195E-02 9.096E-08 6.289E-03 6.465E-04 1.889E-02 1.889E-02 
1.800E+01 1.714E-07 1.092E-02 8.022E-08 6.711E-03 7.170E-04 1.835E-02 1.835E-02 
2.000E+01 1.388E-07 1.007E-02 7.172E-08 7.088E-03 7.813E-04 1.794E-02 1.794E-02 
2.200E+01 1.147E-07 9.357E-03 6.487E-08 7.433E-03 8.410E-04 1.763E-02 1.763E-02 
2.400E+01 9.640E-08 8.744E-03 5.920E-08 7.746E-03 8.959E-04 1.739E-02 1.739E-02 
2.600E+01 8.214E-08 8.210E-03 5.444E-08 8.032E-03 9.470E-04 1.719E-02 1.719E-02 
2.800E+01 7.081E-08 7.745E-03 5.038E-08 8.297E-03 9.947E-04 1.704E-02 1.704E-02 
3.000E+01 6.169E-08 7.334E-03 4.690E-08 8.543E-03 1.039E-03 1.692E-02 1.692E-02 
4.000E+01 3.471E-08 5.827E-03 3.483E-08 9.544E-03 1.227E-03 1.660E-02 1.660E-02 
5.000E+01 2.221E-08 4.865E-03 2.770E-08 1.031E-02 1.374E-03 1.655E-02 1.655E-02 
6.000E+01 1.542E-08 4.190E-03 2.299E-08 1.091E-02 1.493E-03 1.659E-02 1.659E-02 
8.000E+01 8.675E-09 3.306E-03 1.716E-08 1.182E-02 1.679E-03 1.681E-02 1.681E-02 
1.000E+02 5.552E-09 2.744E-03 1.369E-08 1.250E-02 1.819E-03 1.706E-02 1.706E-02 
1.500E+02 2.467E-09 1.954E-03 9.086E-09 1.361E-02 2.063E-03 1.763E-02 1.763E-02 
2.000E+02 1.388E-09 1.532E-03 6.803E-09 1.430E-02 2.225E-03 1.806E-02 1.806E-02 
3.000E+02 6.169E-10 1.086E-03 4.525E-09 1.513E-02 2.432E-03 1.865E-02 1.865E-02 
4.000E+02 3.471E-10 8.503E-04 3.391E-09 1.561E-02 2.562E-03 1.903E-02 1.903E-02 
5.000E+02 2.220E-10 7.040E-04 2.711E-09 1.594E-02 2.653E-03 1.929E-02 1.929E-02 
6.000E+02 1.542E-10 6.029E-04 2.258E-09 1.617E-02 2.720E-03 1.949E-02 1.949E-02 
8.000E+02 8.675E-11 4.707E-04 1.693E-09 1.648E-02 2.815E-03 1.977E-02 1.977E-02 
1.000E+03 5.552E-11 3.873E-04 1.354E-09 1.669E-02 2.878E-03 1.995E-02 1.995E-02 
1.500E+03 2.467E-11 2.705E-04 9.022E-10 1.699E-02 2.975E-03 2.023E-02 2.023E-02 
2.000E+03 1.388E-11 2.093E-04 6.766E-10 1.715E-02 3.029E-03 2.039E-02 2.039E-02 
3.000E+03 6.169E-12 1.455E-04 4.509E-10 1.733E-02 3.090E-03 2.056E-02 2.056E-02 
4.000E+03 3.471E-12 1.123E-04 3.382E-10 1.742E-02 3.125E-03 2.066E-02 2.066E-02 
5.000E+03 2.220E-12 9.187E-05 2.705E-10 1.748E-02 3.148E-03 2.072E-02 2.072E-02 
6.000E+03 1.542E-12 7.790E-05 2.254E-10 1.753E-02 3.163E-03 2.077E-02 2.077E-02 
8.000E+03 8.675E-13 6.000E-05 1.691E-10 1.758E-02 3.184E-03 2.083E-02 2.083E-02 
1.000E+04 5.552E-13 4.899E-05 1.352E-10 1.762E-02 3.197E-03 2.086E-02 2.086E-02 
1.500E+04 2.467E-13 3.386E-05 9.015E-11 1.767E-02 3.215E-03 2.091E-02 2.091E-02 
2.000E+04 1.388E-13 2.603E-05 6.762E-11 1.769E-02 3.225E-03 2.094E-02 2.094E-02 
3.000E+04 6.169E-14 1.795E-05 4.509E-11 1.772E-02 3.235E-03 2.097E-02 2.097E-02 
4.000E+04 3.471E-14 1.378E-05 3.381E-11 1.774E-02 3.242E-03 2.099E-02 2.099E-02 
5.000E+04 2.220E-14 1.123E-05 2.705E-11 1.774E-02 3.245E-03 2.100E-02 2.100E-02 
6.000E+04 1.542E-14 9.489E-06 2.254E-11 1.775E-02 3.248E-03 2.101E-02 2.101E-02 
8.000E+04 8.675E-15 7.276E-06 1.690E-11 1.776E-02 3.250E-03 2.101E-02 2.101E-02 
1.000E+05 5.552E-15 5.917E-06 1.352E-11 1.776E-02 3.253E-03 2.102E-02 2.102E-02 